SNLS-g SNLS-r SNLS-i SNLS-z SNLS-g PS1-g PS1-r PS1-i PS1-z PS1-y
0 9.60030 9.35230 9.26280 9.25240 9.60030 9.60710 9.35910 9.26510 9.25070 9.25570 bd_17d4708_stisnic_005.fits 99.0000 0.00000calspec_new/cdbs/current_calspec/bd_17d4708_stisnic_005.fits
1 9.28920 8.87380 8.68820 8.60900 9.28920 9.29930 8.88460 8.69640 8.61440 8.57420 h_stis_ngsl_bd+112998_v2.fits -0.600000 0.335000stis_ngsl_v2/h_stis_ngsl_bd+112998_v2.fits
2 9.83030 6.36350 5.05630 4.30320 9.83030 10.0504 6.41820 5.11530 4.32970 4.21540 h_stis_ngsl_bd+363168_v2.fits 9.90000 0.0500000stis_ngsl_v2/h_stis_ngsl_bd+363168_v2.fits
3 9.61650 9.23400 9.08280 9.02120 9.61650 9.62560 9.24370 9.09000 9.02540 8.98940 h_stis_ngsl_bd+381670_v2.fits 9.90000 0.460000stis_ngsl_v2/h_stis_ngsl_bd+381670_v2.fits
4 9.14080 8.60600 8.40260 8.32420 9.14080 9.15610 8.62010 8.41130 8.33120 8.27900 h_stis_ngsl_bd+413306_v2.fits -0.300000 0.345000stis_ngsl_v2/h_stis_ngsl_bd+413306_v2.fits
5 9.29060 9.78510 10.1934 10.4906 9.29060 9.28220 9.76330 10.1673 10.4588 10.6844 h_stis_ngsl_bd+75d325_v2.fits 99.0000 0.00000stis_ngsl_v2/h_stis_ngsl_bd+75d325_v2.fits
6 0.00000 0.00000 0.00000 0.00000 0.00000 0.00000 0.00000 0.00000 0.00000 0.00000  0.00000 0.620000stis_ngsl_v2/h_stis_ngsl_bd-122669_v2.fits
7 0.00000 0.00000 0.00000 0.00000 0.00000 0.00000 0.00000 0.00000 0.00000 0.00000  0.00000 0.935000stis_ngsl_v2/h_stis_ngsl_bd092860_v2.fits
8 0.00000 0.00000 0.00000 0.00000 0.00000 0.00000 0.00000 0.00000 0.00000 0.00000  0.00000 0.835000stis_ngsl_v2/h_stis_ngsl_bd174708_v2.fits
9 0.00000 0.00000 0.00000 0.00000 0.00000 0.00000 0.00000 0.00000 0.00000 0.00000  0.00000 0.870000stis_ngsl_v2/h_stis_ngsl_bd292091_v2.fits
10 0.00000 0.00000 0.00000 0.00000 0.00000 0.00000 0.00000 0.00000 0.00000 0.00000  0.00000 0.930000stis_ngsl_v2/h_stis_ngsl_bd371458_v2.fits
11 0.00000 0.00000 0.00000 0.00000 0.00000 0.00000 0.00000 0.00000 0.00000 0.00000  0.00000 0.775000stis_ngsl_v2/h_stis_ngsl_bd413931_v2.fits
12 0.00000 0.00000 0.00000 0.00000 0.00000 0.00000 0.00000 0.00000 0.00000 0.00000  0.00000 0.940000stis_ngsl_v2/h_stis_ngsl_bd423607_v2.fits
13 9.35630 8.11310 7.24630 6.87230 9.35630 9.39420 8.14480 7.29510 6.90100 6.71820 h_stis_ngsl_bd442051_v2.fits -0.300000 0.115000stis_ngsl_v2/h_stis_ngsl_bd442051_v2.fits
14 0.00000 0.00000 0.00000 0.00000 0.00000 0.00000 0.00000 0.00000 0.00000 0.00000  0.00000 0.845000stis_ngsl_v2/h_stis_ngsl_bd511696_v2.fits
15 0.00000 0.00000 0.00000 0.00000 0.00000 0.00000 0.00000 0.00000 0.00000 0.00000  0.00000 0.695000stis_ngsl_v2/h_stis_ngsl_bd592723_v2.fits
16 0.00000 0.00000 0.00000 0.00000 0.00000 0.00000 0.00000 0.00000 0.00000 0.00000  0.00000 1.07000stis_ngsl_v2/h_stis_ngsl_bd660268_v2.fits
17 0.00000 0.00000 0.00000 0.00000 0.00000 0.00000 0.00000 0.00000 0.00000 0.00000  0.00000 0.620000stis_ngsl_v2/h_stis_ngsl_bd720094_v2.fits
18 0.00000 0.00000 0.00000 0.00000 0.00000 0.00000 0.00000 0.00000 0.00000 0.00000  0.00000 0.835000stis_ngsl_v2/h_stis_ngsl_cd-259286_v2.fits
19 0.00000 0.00000 0.00000 0.00000 0.00000 0.00000 0.00000 0.00000 0.00000 0.00000  0.00000 1.00000stis_ngsl_v2/h_stis_ngsl_cd-3018140_v2.fits
20 10.0521 9.61280 9.45560 9.38870 10.0521 10.0613 9.62380 9.46240 9.39320 9.36160 h_stis_ngsl_cd-621346_v2.fits -0.600000 0.560000stis_ngsl_v2/h_stis_ngsl_cd-621346_v2.fits
21 0.00000 0.00000 0.00000 0.00000 0.00000 0.00000 0.00000 0.00000 0.00000 0.00000  0.00000 0.850000stis_ngsl_v2/h_stis_ngsl_cd-691618_v2.fits
22 0.00000 0.00000 0.00000 0.00000 0.00000 0.00000 0.00000 0.00000 0.00000 0.00000  0.00000 0.640000stis_ngsl_v2/h_stis_ngsl_g019-013_v2.fits
23 0.00000 0.00000 0.00000 0.00000 0.00000 0.00000 0.00000 0.00000 0.00000 0.00000  0.00000 0.835000stis_ngsl_v2/h_stis_ngsl_g021-024_v2.fits
24 0.00000 0.00000 0.00000 0.00000 0.00000 0.00000 0.00000 0.00000 0.00000 0.00000  0.00000 0.765000stis_ngsl_v2/h_stis_ngsl_g029-023_v2.fits
25 0.00000 0.00000 0.00000 0.00000 0.00000 0.00000 0.00000 0.00000 0.00000 0.00000  0.00000 0.670000stis_ngsl_v2/h_stis_ngsl_g114-26_v2.fits
26 12.2912 12.0331 11.9781 12.0144 12.2912 12.2991 12.0395 11.9787 12.0035 12.0697 h_stis_ngsl_g115-58_v2.fits -1.60000 0.600000stis_ngsl_v2/h_stis_ngsl_g115-58_v2.fits
27 0.00000 0.00000 0.00000 0.00000 0.00000 0.00000 0.00000 0.00000 0.00000 0.00000  0.00000 0.695000stis_ngsl_v2/h_stis_ngsl_g12-21_v2.fits
28 9.77590 9.53800 9.46610 9.46560 9.77590 9.78270 9.54370 9.46800 9.46220 9.48160 h_stis_ngsl_g13-35_v2.fits -1.80000 0.345000stis_ngsl_v2/h_stis_ngsl_g13-35_v2.fits
29 0.00000 0.00000 0.00000 0.00000 0.00000 0.00000 0.00000 0.00000 0.00000 0.00000  0.00000 1.09500stis_ngsl_v2/h_stis_ngsl_g169-28_v2.fits
30 0.00000 0.00000 0.00000 0.00000 0.00000 0.00000 0.00000 0.00000 0.00000 0.00000  0.00000 0.820000stis_ngsl_v2/h_stis_ngsl_g17-25_v2.fits
31 10.5182 10.2496 10.1503 10.1450 10.5182 10.5252 10.2563 10.1531 10.1428 10.1515 h_stis_ngsl_g18-39_v2.fits -1.70000 0.500000stis_ngsl_v2/h_stis_ngsl_g18-39_v2.fits
32 0.00000 0.00000 0.00000 0.00000 0.00000 0.00000 0.00000 0.00000 0.00000 0.00000  0.00000 0.715000stis_ngsl_v2/h_stis_ngsl_g18-54_v2.fits
33 10.0009 9.74350 9.64460 9.64440 10.0009 10.0074 9.75020 9.64700 9.64150 9.65210 h_stis_ngsl_g180-24_v2.fits -1.50000 0.405000stis_ngsl_v2/h_stis_ngsl_g180-24_v2.fits
34 0.00000 0.00000 0.00000 0.00000 0.00000 0.00000 0.00000 0.00000 0.00000 0.00000  0.00000 0.895000stis_ngsl_v2/h_stis_ngsl_g187-40_v2.fits
35 0.00000 0.00000 0.00000 0.00000 0.00000 0.00000 0.00000 0.00000 0.00000 0.00000  0.00000 0.710000stis_ngsl_v2/h_stis_ngsl_g188-22_v2.fits
36 0.00000 0.00000 0.00000 0.00000 0.00000 0.00000 0.00000 0.00000 0.00000 0.00000  0.00000 1.00000stis_ngsl_v2/h_stis_ngsl_g188-30_v2.fits
37 0.00000 0.00000 0.00000 0.00000 0.00000 0.00000 0.00000 0.00000 0.00000 0.00000  0.00000 0.885000stis_ngsl_v2/h_stis_ngsl_g192-43_v2.fits
38 0.00000 0.00000 0.00000 0.00000 0.00000 0.00000 0.00000 0.00000 0.00000 0.00000  0.00000 0.970000stis_ngsl_v2/h_stis_ngsl_g194-22_v2.fits
39 0.00000 0.00000 0.00000 0.00000 0.00000 0.00000 0.00000 0.00000 0.00000 0.00000  0.00000 0.795000stis_ngsl_v2/h_stis_ngsl_g196-48_v2.fits
40 0.00000 0.00000 0.00000 0.00000 0.00000 0.00000 0.00000 0.00000 0.00000 0.00000  0.00000 0.810000stis_ngsl_v2/h_stis_ngsl_g20-15_v2.fits
41 0.00000 0.00000 0.00000 0.00000 0.00000 0.00000 0.00000 0.00000 0.00000 0.00000  0.00000 0.915000stis_ngsl_v2/h_stis_ngsl_g202-65_v2.fits
42 0.00000 0.00000 0.00000 0.00000 0.00000 0.00000 0.00000 0.00000 0.00000 0.00000  0.00000 0.995000stis_ngsl_v2/h_stis_ngsl_g231-52_v2.fits
43 0.00000 0.00000 0.00000 0.00000 0.00000 0.00000 0.00000 0.00000 0.00000 0.00000  0.00000 0.700000stis_ngsl_v2/h_stis_ngsl_g234-28_v2.fits
44 10.6055 10.3149 10.2062 10.1927 10.6055 10.6131 10.3225 10.2100 10.1915 10.1945 h_stis_ngsl_g24-3_v2.fits -1.80000 0.580000stis_ngsl_v2/h_stis_ngsl_g24-3_v2.fits
45 11.8464 11.2288 10.9668 10.8474 11.8464 11.8651 11.2450 10.9790 10.8584 10.7811 h_stis_ngsl_g243-62_v2.fits -1.70000 0.475000stis_ngsl_v2/h_stis_ngsl_g243-62_v2.fits
46 11.5546 10.9337 10.7233 10.6422 11.5546 11.5736 10.9500 10.7320 10.6473 10.6094 h_stis_ngsl_g260-36_v2.fits 0.100000 0.550000stis_ngsl_v2/h_stis_ngsl_g260-36_v2.fits
47 0.00000 0.00000 0.00000 0.00000 0.00000 0.00000 0.00000 0.00000 0.00000 0.00000  0.00000 0.670000stis_ngsl_v2/h_stis_ngsl_g262-14_v2.fits
48 0.00000 0.00000 0.00000 0.00000 0.00000 0.00000 0.00000 0.00000 0.00000 0.00000  0.00000 0.740000stis_ngsl_v2/h_stis_ngsl_g63-26_v2.fits
49 10.8190 10.5648 10.4929 10.4973 10.8190 10.8260 10.5715 10.4943 10.4942 10.5099 h_stis_ngsl_g88-27_v2.fits -1.60000 0.405000stis_ngsl_v2/h_stis_ngsl_g88-27_v2.fits
50 0.00000 0.00000 0.00000 0.00000 0.00000 0.00000 0.00000 0.00000 0.00000 0.00000  0.00000 0.710000stis_ngsl_v2/h_stis_ngsl_gj825_v2.fits
51 0.00000 0.00000 0.00000 0.00000 0.00000 0.00000 0.00000 0.00000 0.00000 0.00000  0.00000 0.735000stis_ngsl_v2/h_stis_ngsl_gl109_v2.fits
52 0.00000 0.00000 0.00000 0.00000 0.00000 0.00000 0.00000 0.00000 0.00000 0.00000  0.00000 0.800000stis_ngsl_v2/h_stis_ngsl_gl15b_v2.fits
53 5.86610 5.99110 6.13700 6.23490 5.86610 5.86940 5.98230 6.12610 6.22810 6.26070 h_stis_ngsl_hd000319_v2.fits -0.400000 0.350000stis_ngsl_v2/h_stis_ngsl_hd000319_v2.fits
54 1.90900 2.22160 2.49730 2.68170 1.90900 1.90730 2.20680 2.47930 2.66280 2.77670 h_stis_ngsl_hd000358_v2.fits 9.90000 0.0700000stis_ngsl_v2/h_stis_ngsl_hd000358_v2.fits
55 2.61680 3.03730 3.38230 3.62780 2.61680 2.61170 3.01880 3.36070 3.60120 3.76990 h_stis_ngsl_hd000886_v2.fits 9.90000 0.255000stis_ngsl_v2/h_stis_ngsl_hd000886_v2.fits
56 6.65840 6.26590 6.16440 6.14020 6.65840 6.66910 6.27590 6.16740 6.14070 6.12840 h_stis_ngsl_hd001461_v2.fits 0.300000 0.120000stis_ngsl_v2/h_stis_ngsl_hd001461_v2.fits
57 0.00000 0.00000 0.00000 0.00000 0.00000 0.00000 0.00000 0.00000 0.00000 0.00000  0.00000 0.835000stis_ngsl_v2/h_stis_ngsl_hd002665_v2.fits
58 0.00000 0.00000 0.00000 0.00000 0.00000 0.00000 0.00000 0.00000 0.00000 0.00000  0.00000 1.09000stis_ngsl_v2/h_stis_ngsl_hd002857_v2.fits
59 3.45640 3.86500 4.19330 4.42550 3.45640 3.45200 3.84700 4.17260 4.40060 4.56080 h_stis_ngsl_hd003360_v2.fits 9.90000 0.215000stis_ngsl_v2/h_stis_ngsl_hd003360_v2.fits
60 0.00000 0.00000 0.00000 0.00000 0.00000 0.00000 0.00000 0.00000 0.00000 0.00000  0.00000 1.16500stis_ngsl_v2/h_stis_ngsl_hd003712_v2.fits
61 0.00000 0.00000 0.00000 0.00000 0.00000 0.00000 0.00000 0.00000 0.00000 0.00000  0.00000 0.980000stis_ngsl_v2/h_stis_ngsl_hd004128_v2.fits
62 0.00000 0.00000 0.00000 0.00000 0.00000 0.00000 0.00000 0.00000 0.00000 0.00000  0.00000 0.615000stis_ngsl_v2/h_stis_ngsl_hd004727_v2.fits
63 0.00000 0.00000 0.00000 0.00000 0.00000 0.00000 0.00000 0.00000 0.00000 0.00000  0.00000 0.710000stis_ngsl_v2/h_stis_ngsl_hd004813_v2.fits
64 8.98490 8.50600 8.34620 8.28210 8.98490 8.99660 8.51860 8.35270 8.28740 8.24670 h_stis_ngsl_hd005256_v2.fits -0.600000 0.510000stis_ngsl_v2/h_stis_ngsl_hd005256_v2.fits
65 4.93520 4.30900 4.07200 3.96100 4.93520 4.95010 4.32540 4.08260 3.96900 3.91040 h_stis_ngsl_hd005395_v2.fits -0.500000 0.0700000stis_ngsl_v2/h_stis_ngsl_hd005395_v2.fits
66 8.02390 7.25740 6.96680 6.81810 8.02390 8.04500 7.27700 6.98000 6.82930 6.75090 h_stis_ngsl_hd005544_v2.fits -0.500000 0.330000stis_ngsl_v2/h_stis_ngsl_hd005544_v2.fits
67 7.16620 6.57640 6.34810 6.24750 7.16620 7.17940 6.59190 6.35840 6.25500 6.20210 h_stis_ngsl_hd005916_v2.fits -0.600000 0.260000stis_ngsl_v2/h_stis_ngsl_hd005916_v2.fits
68 8.83930 8.35740 8.15350 8.06310 8.83930 8.85010 8.36990 8.16290 8.07070 8.01790 h_stis_ngsl_hd006229_v2.fits -0.600000 0.0550000stis_ngsl_v2/h_stis_ngsl_hd006229_v2.fits
69 0.00000 0.00000 0.00000 0.00000 0.00000 0.00000 0.00000 0.00000 0.00000 0.00000  0.00000 0.745000stis_ngsl_v2/h_stis_ngsl_hd006734_v2.fits
70 0.00000 0.00000 0.00000 0.00000 0.00000 0.00000 0.00000 0.00000 0.00000 0.00000  0.00000 0.745000stis_ngsl_v2/h_stis_ngsl_hd006755_v2.fits
71 0.00000 0.00000 0.00000 0.00000 0.00000 0.00000 0.00000 0.00000 0.00000 0.00000  0.00000 0.700000stis_ngsl_v2/h_stis_ngsl_hd008491_v2.fits
72 0.00000 0.00000 0.00000 0.00000 0.00000 0.00000 0.00000 0.00000 0.00000 0.00000  0.00000 0.895000stis_ngsl_v2/h_stis_ngsl_hd008724_v2.fits
73 0.00000 0.00000 0.00000 0.00000 0.00000 0.00000 0.00000 0.00000 0.00000 0.00000  0.00000 0.815000stis_ngsl_v2/h_stis_ngsl_hd008890_v2.fits
74 0.00000 0.00000 0.00000 0.00000 0.00000 0.00000 0.00000 0.00000 0.00000 0.00000  0.00000 0.850000stis_ngsl_v2/h_stis_ngsl_hd009051_v2.fits
75 0.00000 0.00000 0.00000 0.00000 0.00000 0.00000 0.00000 0.00000 0.00000 0.00000  0.00000 0.765000stis_ngsl_v2/h_stis_ngsl_hd010380_v2.fits
76 5.87700 5.36760 5.20700 5.15340 5.87700 5.89140 5.38130 5.21310 5.15660 5.12780 h_stis_ngsl_hd010780_v2.fits 0.100000 0.340000stis_ngsl_v2/h_stis_ngsl_hd010780_v2.fits
77 0.00000 0.00000 0.00000 0.00000 0.00000 0.00000 0.00000 0.00000 0.00000 0.00000  0.00000 0.955000stis_ngsl_v2/h_stis_ngsl_hd012533_v2.fits
78 0.00000 0.00000 0.00000 0.00000 0.00000 0.00000 0.00000 0.00000 0.00000 0.00000  0.00000 0.800000stis_ngsl_v2/h_stis_ngsl_hd013520_v2.fits
79 0.00000 0.00000 0.00000 0.00000 0.00000 0.00000 0.00000 0.00000 0.00000 0.00000  0.00000 0.810000stis_ngsl_v2/h_stis_ngsl_hd015089_v2.fits
80 9.88380 9.65160 9.57000 9.56720 9.88380 9.89030 9.65750 9.57200 9.56320 9.58670 h_stis_ngsl_hd016031_v2.fits -1.80000 0.230000stis_ngsl_v2/h_stis_ngsl_hd016031_v2.fits
81 6.79610 6.37190 6.19990 6.14020 6.79610 6.80640 6.38340 6.20710 6.14320 6.11810 h_stis_ngsl_hd017072_v2.fits -0.600000 0.500000stis_ngsl_v2/h_stis_ngsl_hd017072_v2.fits
82 4.05940 4.39480 4.67770 4.85330 4.05940 4.05680 4.37950 4.65940 4.83550 4.94240 h_stis_ngsl_hd017081_v2.fits -0.500000 0.0100000stis_ngsl_v2/h_stis_ngsl_hd017081_v2.fits
83 4.89570 4.14160 3.88030 3.75760 4.89570 4.91690 4.16110 3.89130 3.76590 3.70360 h_stis_ngsl_hd017361_v2.fits -0.100000 0.445000stis_ngsl_v2/h_stis_ngsl_hd017361_v2.fits
84 0.00000 0.00000 0.00000 0.00000 0.00000 0.00000 0.00000 0.00000 0.00000 0.00000  0.00000 0.785000stis_ngsl_v2/h_stis_ngsl_hd017925_v2.fits
85 8.24670 8.22410 8.33000 8.38070 8.24670 8.25490 8.22110 8.32080 8.37810 8.38380 h_stis_ngsl_hd018078_v2.fits 0.500000 0.195000stis_ngsl_v2/h_stis_ngsl_hd018078_v2.fits
86 5.85370 5.95980 6.11940 6.24140 5.85370 5.85890 5.95180 6.10670 6.23190 6.28510 h_stis_ngsl_hd018769_v2.fits 0.500000 0.515000stis_ngsl_v2/h_stis_ngsl_hd018769_v2.fits
87 0.00000 0.00000 0.00000 0.00000 0.00000 0.00000 0.00000 0.00000 0.00000 0.00000  0.00000 1.08000stis_ngsl_v2/h_stis_ngsl_hd018907_v2.fits
88 0.00000 0.00000 0.00000 0.00000 0.00000 0.00000 0.00000 0.00000 0.00000 0.00000  0.00000 0.615000stis_ngsl_v2/h_stis_ngsl_hd019019_v2.fits
89 0.00000 0.00000 0.00000 0.00000 0.00000 0.00000 0.00000 0.00000 0.00000 0.00000  0.00000 0.795000stis_ngsl_v2/h_stis_ngsl_hd019308_v2.fits
90 8.15760 7.89190 7.80090 7.79800 8.15760 8.16440 7.89870 7.80300 7.79560 7.80700 h_stis_ngsl_hd019445_v2.fits -1.90000 0.545000stis_ngsl_v2/h_stis_ngsl_hd019445_v2.fits
91 0.00000 0.00000 0.00000 0.00000 0.00000 0.00000 0.00000 0.00000 0.00000 0.00000  0.00000 0.905000stis_ngsl_v2/h_stis_ngsl_hd019656_v2.fits
92 4.68360 4.00160 3.77870 3.68300 4.68360 4.70210 4.01960 3.78780 3.68680 3.65210 h_stis_ngsl_hd019787_v2.fits -0.100000 0.575000stis_ngsl_v2/h_stis_ngsl_hd019787_v2.fits
93 9.12700 8.64440 8.45480 8.38260 9.12700 9.13870 8.65710 8.46280 8.38710 8.35220 h_stis_ngsl_hd020039_v2.fits -0.600000 0.0800000stis_ngsl_v2/h_stis_ngsl_hd020039_v2.fits
94 5.05620 4.65030 4.52780 4.50140 5.05620 5.06730 4.66120 4.53180 4.50180 4.49010 h_stis_ngsl_hd020630_v2.fits 0.00000 0.375000stis_ngsl_v2/h_stis_ngsl_hd020630_v2.fits
95 0.00000 0.00000 0.00000 0.00000 0.00000 0.00000 0.00000 0.00000 0.00000 0.00000  0.00000 0.830000stis_ngsl_v2/h_stis_ngsl_hd021742_v2.fits
96 0.00000 0.00000 0.00000 0.00000 0.00000 0.00000 0.00000 0.00000 0.00000 0.00000  0.00000 0.660000stis_ngsl_v2/h_stis_ngsl_hd022049_v2.fits
97 4.43100 4.13830 4.05730 4.04990 4.43100 4.43920 4.14510 4.05940 4.04820 4.05010 h_stis_ngsl_hd022484_v2.fits 0.100000 0.210000stis_ngsl_v2/h_stis_ngsl_hd022484_v2.fits
98 8.38770 7.87770 7.68660 7.61580 8.38770 8.40160 7.89130 7.69480 7.62100 7.58190 h_stis_ngsl_hd023439_v2.fits -0.600000 0.410000stis_ngsl_v2/h_stis_ngsl_hd023439_v2.fits
99 0.00000 0.00000 0.00000 0.00000 0.00000 0.00000 0.00000 0.00000 0.00000 0.00000  0.00000 0.765000stis_ngsl_v2/h_stis_ngsl_hd025329_v2.fits
100 7.48460 6.94220 6.78400 6.74370 7.48460 7.50030 6.95690 6.78960 6.74370 6.73450 h_stis_ngsl_hd025893_v2.fits 0.100000 0.590000stis_ngsl_v2/h_stis_ngsl_hd025893_v2.fits
101 0.00000 0.00000 0.00000 0.00000 0.00000 0.00000 0.00000 0.00000 0.00000 0.00000  0.00000 0.820000stis_ngsl_v2/h_stis_ngsl_hd025975_v2.fits
102 0.00000 0.00000 0.00000 0.00000 0.00000 0.00000 0.00000 0.00000 0.00000 0.00000  0.00000 0.745000stis_ngsl_v2/h_stis_ngsl_hd026297_v2.fits
103 0.00000 0.00000 0.00000 0.00000 0.00000 0.00000 0.00000 0.00000 0.00000 0.00000  0.00000 0.750000stis_ngsl_v2/h_stis_ngsl_hd026630_v2.fits
104 5.33260 5.64600 5.91400 6.07600 5.33260 5.33110 5.63070 5.89680 6.06170 6.14350 h_stis_ngsl_hd027295_v2.fits -0.400000 0.0800000stis_ngsl_v2/h_stis_ngsl_hd027295_v2.fits
105 8.16420 7.66690 7.50890 7.46530 8.16420 8.17770 7.68010 7.51460 7.46650 7.44840 h_stis_ngsl_hd028946_v2.fits -0.00000 0.585000stis_ngsl_v2/h_stis_ngsl_hd028946_v2.fits
106 0.00000 0.00000 0.00000 0.00000 0.00000 0.00000 0.00000 0.00000 0.00000 0.00000  0.00000 0.875000stis_ngsl_v2/h_stis_ngsl_hd028978_v2.fits
107 0.00000 0.00000 0.00000 0.00000 0.00000 0.00000 0.00000 0.00000 0.00000 0.00000  0.00000 0.690000stis_ngsl_v2/h_stis_ngsl_hd029391_v2.fits
108 8.87980 7.81540 7.29180 7.02490 8.87980 8.90870 7.84300 7.31830 7.05170 6.88730 h_stis_ngsl_hd029574_v2.fits -1.70000 0.420000stis_ngsl_v2/h_stis_ngsl_hd029574_v2.fits
109 4.19050 4.33040 4.51570 4.66040 4.19050 4.18990 4.32210 4.50390 4.64190 4.75530 h_stis_ngsl_hd030614_v2.fits 9.90000 0.225000stis_ngsl_v2/h_stis_ngsl_hd030614_v2.fits
110 0.00000 0.00000 0.00000 0.00000 0.00000 0.00000 0.00000 0.00000 0.00000 0.00000  0.00000 0.755000stis_ngsl_v2/h_stis_ngsl_hd030834_v2.fits
111 0.00000 0.00000 0.00000 0.00000 0.00000 0.00000 0.00000 0.00000 0.00000 0.00000  0.00000 0.890000stis_ngsl_v2/h_stis_ngsl_hd031219_v2.fits
112 4.49270 3.70870 3.39210 3.23970 4.49270 4.51430 3.72850 3.40660 3.25080 3.17340 h_stis_ngsl_hd031421_v2.fits -0.500000 0.450000stis_ngsl_v2/h_stis_ngsl_hd031421_v2.fits
113 9.47520 8.20440 7.41700 7.06120 9.47520 9.51750 8.23760 7.46450 7.08720 6.92250 h_stis_ngsl_hd033793_v2.fits 9.90000 0.0150000stis_ngsl_v2/h_stis_ngsl_hd033793_v2.fits
114 6.02590 5.92070 5.93210 5.97870 6.02590 6.02940 5.92000 5.92920 5.96940 6.02680 h_stis_ngsl_hd034078_v2.fits 9.90000 0.430000stis_ngsl_v2/h_stis_ngsl_hd034078_v2.fits
115 6.37600 6.68400 6.95240 7.12950 6.37600 6.37470 6.66940 6.93490 7.11260 7.21450 h_stis_ngsl_hd034797_v2.fits 0.00000 0.0450000stis_ngsl_v2/h_stis_ngsl_hd034797_v2.fits
116 4.06700 4.52820 4.89790 5.16460 4.06700 4.06080 4.50690 4.87490 5.13600 5.32090 h_stis_ngsl_hd034816_v2.fits 9.90000 0.370000stis_ngsl_v2/h_stis_ngsl_hd034816_v2.fits
117 0.00000 0.00000 0.00000 0.00000 0.00000 0.00000 0.00000 0.00000 0.00000 0.00000  0.00000 0.845000stis_ngsl_v2/h_stis_ngsl_hd036702_v2.fits
118 4.52650 4.97510 5.33600 5.59740 4.52650 4.52050 4.95470 5.31350 5.56910 5.75140 h_stis_ngsl_hd036960_v2.fits 9.90000 0.305000stis_ngsl_v2/h_stis_ngsl_hd036960_v2.fits
119 2.70580 3.06000 3.36150 3.51990 2.70580 2.70070 3.04640 3.34620 3.49900 3.63620 h_stis_ngsl_hd037202_v2.fits 9.90000 0.275000stis_ngsl_v2/h_stis_ngsl_hd037202_v2.fits
120 0.00000 0.00000 0.00000 0.00000 0.00000 0.00000 0.00000 0.00000 0.00000 0.00000  0.00000 0.930000stis_ngsl_v2/h_stis_ngsl_hd037216_v2.fits
121 5.57050 4.78680 4.51860 4.38470 5.57050 5.59480 4.80710 4.53040 4.39330 4.33040 h_stis_ngsl_hd037763_v2.fits 0.200000 0.325000stis_ngsl_v2/h_stis_ngsl_hd037763_v2.fits
122 7.29050 6.49010 6.11180 5.92370 7.29050 7.31020 6.51110 6.13080 5.93920 5.84000 h_stis_ngsl_hd037828_v2.fits -1.60000 0.0400000stis_ngsl_v2/h_stis_ngsl_hd037828_v2.fits
123 7.11690 7.21130 7.35520 7.45210 7.11690 7.12080 7.20330 7.34420 7.44610 7.47420 h_stis_ngsl_hd038237_v2.fits 0.100000 0.400000stis_ngsl_v2/h_stis_ngsl_hd038237_v2.fits
124 8.33530 8.03750 7.94620 7.93100 8.33530 8.34290 8.04440 7.94900 7.92860 7.93730 h_stis_ngsl_hd038510_v2.fits -0.800000 0.300000stis_ngsl_v2/h_stis_ngsl_hd038510_v2.fits
125 0.00000 0.00000 0.00000 0.00000 0.00000 0.00000 0.00000 0.00000 0.00000 0.00000  0.00000 0.735000stis_ngsl_v2/h_stis_ngsl_hd039587_v2.fits
126 0.00000 0.00000 0.00000 0.00000 0.00000 0.00000 0.00000 0.00000 0.00000 0.00000  0.00000 0.660000stis_ngsl_v2/h_stis_ngsl_hd039833_v2.fits
127 7.35130 7.60330 7.82980 7.97470 7.35130 7.35190 7.59020 7.81430 7.96370 8.02420 h_stis_ngsl_hd040573_v2.fits -0.400000 0.365000stis_ngsl_v2/h_stis_ngsl_hd040573_v2.fits
128 0.00000 0.00000 0.00000 0.00000 0.00000 0.00000 0.00000 0.00000 0.00000 0.00000  0.00000 0.635000stis_ngsl_v2/h_stis_ngsl_hd041357_v2.fits
129 7.56400 7.33810 7.32200 7.35640 7.56400 7.57270 7.34290 7.31970 7.35110 7.37510 h_stis_ngsl_hd041661_v2.fits -0.100000 0.560000stis_ngsl_v2/h_stis_ngsl_hd041661_v2.fits
130 0.00000 0.00000 0.00000 0.00000 0.00000 0.00000 0.00000 0.00000 0.00000 0.00000  0.00000 0.985000stis_ngsl_v2/h_stis_ngsl_hd041667_v2.fits
131 0.00000 0.00000 0.00000 0.00000 0.00000 0.00000 0.00000 0.00000 0.00000 0.00000  0.00000 0.855000stis_ngsl_v2/h_stis_ngsl_hd043042_v2.fits
132 0.00000 0.00000 0.00000 0.00000 0.00000 0.00000 0.00000 0.00000 0.00000 0.00000  0.00000 0.820000stis_ngsl_v2/h_stis_ngsl_hd044007_v2.fits
133 0.00000 0.00000 0.00000 0.00000 0.00000 0.00000 0.00000 0.00000 0.00000 0.00000  0.00000 0.845000stis_ngsl_v2/h_stis_ngsl_hd045282_v2.fits
134 9.21900 8.88960 8.76620 8.70250 9.21900 9.22690 8.89810 8.77080 8.70600 8.68540 h_stis_ngsl_hd046703_v2.fits -0.00000 0.480000stis_ngsl_v2/h_stis_ngsl_hd046703_v2.fits
135 0.00000 0.00000 0.00000 0.00000 0.00000 0.00000 0.00000 0.00000 0.00000 0.00000  0.00000 0.825000stis_ngsl_v2/h_stis_ngsl_hd047839_v2.fits
136 7.90820 7.96170 8.08150 8.18740 7.90820 7.90900 7.95490 8.07280 8.17220 8.26780 h_stis_ngsl_hd048279_v2.fits 9.90000 0.240000stis_ngsl_v2/h_stis_ngsl_hd048279_v2.fits
137 6.19700 6.10310 6.12140 6.14660 6.19700 6.20370 6.10310 6.11730 6.14490 6.14880 h_stis_ngsl_hd050420_v2.fits -0.00000 0.385000stis_ngsl_v2/h_stis_ngsl_hd050420_v2.fits
138 1.32690 1.73240 2.03380 2.26920 1.32690 1.32140 1.71500 2.01430 2.24050 2.42740 h_stis_ngsl_hd052089_v2.fits 9.90000 0.160000stis_ngsl_v2/h_stis_ngsl_hd052089_v2.fits
139 4.12320 3.59230 3.43470 3.38910 4.12320 4.13950 3.60540 3.43960 3.39250 3.35510 h_stis_ngsl_hd052973_v2.fits 9.90000 0.490000stis_ngsl_v2/h_stis_ngsl_hd052973_v2.fits
140 5.44330 5.38800 5.44720 5.50320 5.44330 5.44920 5.38660 5.44100 5.49890 5.51650 h_stis_ngsl_hd055057_v2.fits 0.200000 0.305000stis_ngsl_v2/h_stis_ngsl_hd055057_v2.fits
141 0.00000 0.00000 0.00000 0.00000 0.00000 0.00000 0.00000 0.00000 0.00000 0.00000  0.00000 0.875000stis_ngsl_v2/h_stis_ngsl_hd055496_v2.fits
142 5.10360 5.42150 5.70180 5.89320 5.10360 5.09950 5.40790 5.68510 5.87180 6.00470 h_stis_ngsl_hd057060_v2.fits 9.90000 0.245000stis_ngsl_v2/h_stis_ngsl_hd057060_v2.fits
143 0.00000 0.00000 0.00000 0.00000 0.00000 0.00000 0.00000 0.00000 0.00000 0.00000  0.00000 0.00000stis_ngsl_v2/h_stis_ngsl_hd057061_v2.fits
144 0.00000 0.00000 0.00000 0.00000 0.00000 0.00000 0.00000 0.00000 0.00000 0.00000  0.00000 0.735000stis_ngsl_v2/h_stis_ngsl_hd057727_v2.fits
145 0.00000 0.00000 0.00000 0.00000 0.00000 0.00000 0.00000 0.00000 0.00000 0.00000  0.00000 0.835000stis_ngsl_v2/h_stis_ngsl_hd058343_v2.fits
146 6.64400 6.40680 6.35140 6.35950 6.64400 6.65140 6.41210 6.35210 6.35550 6.37530 h_stis_ngsl_hd058551_v2.fits -0.400000 0.0950000stis_ngsl_v2/h_stis_ngsl_hd058551_v2.fits
147 4.87310 4.86610 4.92980 4.85790 4.87310 4.87550 4.86180 4.92530 4.86190 4.85360 h_stis_ngsl_hd059612_v2.fits 9.90000 0.110000stis_ngsl_v2/h_stis_ngsl_hd059612_v2.fits
148 9.05430 8.76370 8.68000 8.66900 9.05430 9.06140 8.77070 8.68190 8.66840 8.66400 h_stis_ngsl_hd060319_v2.fits -0.900000 0.405000stis_ngsl_v2/h_stis_ngsl_hd060319_v2.fits
149 0.00000 0.00000 0.00000 0.00000 0.00000 0.00000 0.00000 0.00000 0.00000 0.00000  0.00000 0.650000stis_ngsl_v2/h_stis_ngsl_hd061064_v2.fits
150 6.49400 5.36590 4.80910 4.53430 6.49400 6.52840 5.39240 4.83380 4.55440 4.41370 h_stis_ngsl_hd061603_v2.fits -0.300000 0.305000stis_ngsl_v2/h_stis_ngsl_hd061603_v2.fits
151 5.95350 5.31450 5.09430 4.99590 5.95350 5.97030 5.33110 5.10350 5.00280 4.95130 h_stis_ngsl_hd062412_v2.fits -0.100000 0.425000stis_ngsl_v2/h_stis_ngsl_hd062412_v2.fits
152 5.52940 5.23000 5.13310 5.11690 5.52940 5.53650 5.23720 5.13600 5.11540 5.11680 h_stis_ngsl_hd063077_v2.fits -0.700000 0.420000stis_ngsl_v2/h_stis_ngsl_hd063077_v2.fits
153 3.74650 2.94360 2.67540 2.55700 3.74650 3.76930 2.96260 2.68570 2.56370 2.50520 h_stis_ngsl_hd063700_v2.fits -0.500000 0.365000stis_ngsl_v2/h_stis_ngsl_hd063700_v2.fits
154 0.00000 0.00000 0.00000 0.00000 0.00000 0.00000 0.00000 0.00000 0.00000 0.00000  0.00000 0.640000stis_ngsl_v2/h_stis_ngsl_hd063791_v2.fits
155 8.91850 8.58050 8.47250 8.45190 8.91850 8.92700 8.58890 8.47590 8.45150 8.44750 h_stis_ngsl_hd064412_v2.fits -0.600000 0.275000stis_ngsl_v2/h_stis_ngsl_hd064412_v2.fits
156 0.00000 0.00000 0.00000 0.00000 0.00000 0.00000 0.00000 0.00000 0.00000 0.00000  0.00000 0.935000stis_ngsl_v2/h_stis_ngsl_hd065228_v2.fits
157 7.42910 6.26290 5.75750 5.47720 7.42910 7.46560 6.29020 5.78180 5.50140 5.34350 h_stis_ngsl_hd065354_v2.fits -0.600000 0.0850000stis_ngsl_v2/h_stis_ngsl_hd065354_v2.fits
158 6.20670 5.55300 5.33940 5.24660 6.20670 6.22510 5.56980 5.34750 5.24940 5.22130 h_stis_ngsl_hd065714_v2.fits 0.00000 0.505000stis_ngsl_v2/h_stis_ngsl_hd065714_v2.fits
159 9.58650 9.48240 9.50790 9.54690 9.58650 9.59320 9.48230 9.50360 9.54300 9.56040 h_stis_ngsl_hd067390_v2.fits -0.200000 0.360000stis_ngsl_v2/h_stis_ngsl_hd067390_v2.fits
160 0.00000 0.00000 0.00000 0.00000 0.00000 0.00000 0.00000 0.00000 0.00000 0.00000  0.00000 0.655000stis_ngsl_v2/h_stis_ngsl_hd068988_v2.fits
161 8.51650 7.43910 6.96770 6.71790 8.51650 8.55060 7.46520 6.99000 6.73800 6.60480 h_stis_ngsl_hd071160_v2.fits -0.500000 0.0950000stis_ngsl_v2/h_stis_ngsl_hd071160_v2.fits
162 6.26230 5.51030 5.25610 5.12830 6.26230 6.28440 5.52960 5.26700 5.13600 5.07700 h_stis_ngsl_hd072184_v2.fits 0.100000 0.320000stis_ngsl_v2/h_stis_ngsl_hd072184_v2.fits
163 6.68920 6.02410 5.79070 5.68310 6.68920 6.70710 6.04120 5.80050 5.68750 5.65050 h_stis_ngsl_hd072324_v2.fits -0.100000 0.195000stis_ngsl_v2/h_stis_ngsl_hd072324_v2.fits
164 6.66100 5.85460 5.57580 5.43320 6.66100 6.68450 5.87510 5.58770 5.44110 5.38000 h_stis_ngsl_hd072505_v2.fits 0.100000 0.295000stis_ngsl_v2/h_stis_ngsl_hd072505_v2.fits
165 5.60160 5.83860 6.05710 6.19300 5.60160 5.60260 5.82790 6.04200 6.18060 6.24940 h_stis_ngsl_hd072968_v2.fits 0.500000 0.170000stis_ngsl_v2/h_stis_ngsl_hd072968_v2.fits
166 6.76770 6.10470 5.89110 5.78830 6.76770 6.78560 6.12180 5.89990 5.79320 5.75340 h_stis_ngsl_hd073710_v2.fits 0.100000 0.315000stis_ngsl_v2/h_stis_ngsl_hd073710_v2.fits
167 7.33960 6.11190 5.50880 5.18550 7.33960 7.37890 6.14110 5.53860 5.21690 5.02070 h_stis_ngsl_hd074088_v2.fits -1.10000 0.415000stis_ngsl_v2/h_stis_ngsl_hd074088_v2.fits
168 8.58440 8.78650 8.98590 9.07670 8.58440 8.58530 8.77560 8.97250 9.07040 9.09850 h_stis_ngsl_hd074721_v2.fits -0.600000 0.350000stis_ngsl_v2/h_stis_ngsl_hd074721_v2.fits
169 6.10770 5.34650 5.06410 4.92700 6.10770 6.12930 5.36610 5.07690 4.93610 4.87120 h_stis_ngsl_hd076291_v2.fits -0.200000 0.250000stis_ngsl_v2/h_stis_ngsl_hd076291_v2.fits
170 5.93190 5.64370 5.55200 5.53440 5.93190 5.93920 5.65030 5.55500 5.53300 5.53520 h_stis_ngsl_hd076932_v2.fits -0.700000 0.380000stis_ngsl_v2/h_stis_ngsl_hd076932_v2.fits
171 5.08970 5.40890 5.68840 5.86270 5.08970 5.08710 5.39350 5.67050 5.84490 5.94960 h_stis_ngsl_hd078316_v2.fits -0.100000 0.200000stis_ngsl_v2/h_stis_ngsl_hd078316_v2.fits
172 0.00000 0.00000 0.00000 0.00000 0.00000 0.00000 0.00000 0.00000 0.00000 0.00000  0.00000 0.615000stis_ngsl_v2/h_stis_ngsl_hd078362_v2.fits
173 7.61120 6.77920 6.49290 6.34400 7.61120 7.63570 6.80020 6.50520 6.35170 6.29120 h_stis_ngsl_hd078479_v2.fits 0.100000 0.330000stis_ngsl_v2/h_stis_ngsl_hd078479_v2.fits
174 0.00000 0.00000 0.00000 0.00000 0.00000 0.00000 0.00000 0.00000 0.00000 0.00000  0.00000 0.720000stis_ngsl_v2/h_stis_ngsl_hd079158_v2.fits
175 9.08600 7.91880 7.28930 6.97660 9.08600 9.12210 7.94710 7.31880 7.00330 6.82740 h_stis_ngsl_hd079349_v2.fits -0.100000 0.170000stis_ngsl_v2/h_stis_ngsl_hd079349_v2.fits
176 0.00000 0.00000 0.00000 0.00000 0.00000 0.00000 0.00000 0.00000 0.00000 0.00000  0.00000 0.675000stis_ngsl_v2/h_stis_ngsl_hd079469_v2.fits
177 0.00000 0.00000 0.00000 0.00000 0.00000 0.00000 0.00000 0.00000 0.00000 0.00000  0.00000 0.720000stis_ngsl_v2/h_stis_ngsl_hd080607_v2.fits
178 0.00000 0.00000 0.00000 0.00000 0.00000 0.00000 0.00000 0.00000 0.00000 0.00000  0.00000 1.03000stis_ngsl_v2/h_stis_ngsl_hd081797_v2.fits
179 0.00000 0.00000 0.00000 0.00000 0.00000 0.00000 0.00000 0.00000 0.00000 0.00000  0.00000 0.755000stis_ngsl_v2/h_stis_ngsl_hd082395_v2.fits
180 5.33730 4.68210 4.47940 4.38480 5.33730 5.35520 4.69900 4.48730 4.38940 4.35070 h_stis_ngsl_hd082734_v2.fits 0.200000 0.335000stis_ngsl_v2/h_stis_ngsl_hd082734_v2.fits
181 0.00000 0.00000 0.00000 0.00000 0.00000 0.00000 0.00000 0.00000 0.00000 0.00000  0.00000 0.795000stis_ngsl_v2/h_stis_ngsl_hd083212_v2.fits
182 6.58370 6.26380 6.18700 6.19440 6.58370 6.59300 6.27190 6.18820 6.19060 6.20700 h_stis_ngsl_hd085380_v2.fits 0.200000 0.555000stis_ngsl_v2/h_stis_ngsl_hd085380_v2.fits
183 7.24490 6.55010 6.29900 6.18600 7.24490 7.26330 6.56820 6.30940 6.19400 6.13500 h_stis_ngsl_hd086322_v2.fits -0.300000 0.500000stis_ngsl_v2/h_stis_ngsl_hd086322_v2.fits
184 7.93140 8.03960 8.16280 8.22160 7.93140 7.93380 8.03240 8.15380 8.21740 8.23550 h_stis_ngsl_hd086986_v2.fits -1.20000 0.320000stis_ngsl_v2/h_stis_ngsl_hd086986_v2.fits
185 9.22600 8.74510 8.52590 8.44590 9.22600 9.23620 8.75840 8.53570 8.45060 8.41870 h_stis_ngsl_hd087140_v2.fits -2.00000 0.455000stis_ngsl_v2/h_stis_ngsl_hd087140_v2.fits
186 3.36520 3.58510 3.80300 3.87780 3.36520 3.36340 3.57390 3.78910 3.86710 3.94410 h_stis_ngsl_hd087737_v2.fits 9.90000 0.235000stis_ngsl_v2/h_stis_ngsl_hd087737_v2.fits
187 0.00000 0.00000 0.00000 0.00000 0.00000 0.00000 0.00000 0.00000 0.00000 0.00000  0.00000 0.825000stis_ngsl_v2/h_stis_ngsl_hd090862_v2.fits
188 3.65830 3.99440 4.28790 4.50910 3.65830 3.65380 3.97930 4.26880 4.48320 4.65100 h_stis_ngsl_hd091316_v2.fits 9.90000 0.600000stis_ngsl_v2/h_stis_ngsl_hd091316_v2.fits
189 8.68720 8.84450 9.00820 9.07190 8.68720 8.68890 8.83550 8.99750 9.06660 9.09030 h_stis_ngsl_hd093329_v2.fits -0.600000 0.0500000stis_ngsl_v2/h_stis_ngsl_hd093329_v2.fits
190 0.00000 0.00000 0.00000 0.00000 0.00000 0.00000 0.00000 0.00000 0.00000 0.00000  0.00000 0.740000stis_ngsl_v2/h_stis_ngsl_hd093813_v2.fits
191 0.00000 0.00000 0.00000 0.00000 0.00000 0.00000 0.00000 0.00000 0.00000 0.00000  0.00000 0.605000stis_ngsl_v2/h_stis_ngsl_hd094028_v2.fits
192 6.18110 5.85110 5.74700 5.73200 6.18110 6.18990 5.85940 5.75010 5.73090 5.73070 h_stis_ngsl_hd095241_v2.fits -0.100000 0.285000stis_ngsl_v2/h_stis_ngsl_hd095241_v2.fits
193 2.28570 2.49400 2.70750 2.85270 2.28570 2.28690 2.48370 2.69200 2.83850 2.91950 h_stis_ngsl_hd095418_v2.fits 9.90000 0.315000stis_ngsl_v2/h_stis_ngsl_hd095418_v2.fits
194 0.00000 0.00000 0.00000 0.00000 0.00000 0.00000 0.00000 0.00000 0.00000 0.00000  0.00000 0.640000stis_ngsl_v2/h_stis_ngsl_hd095735_v2.fits
195 6.36510 5.53320 5.23890 5.09070 6.36510 6.38980 5.55400 5.25160 5.10080 5.02660 h_stis_ngsl_hd095849_v2.fits -0.00000 0.415000stis_ngsl_v2/h_stis_ngsl_hd095849_v2.fits
196 6.50430 6.85130 7.14220 7.35910 6.50430 6.50210 6.83510 7.12340 7.33560 7.48630 h_stis_ngsl_hd096446_v2.fits 9.90000 0.215000stis_ngsl_v2/h_stis_ngsl_hd096446_v2.fits
197 3.18810 3.43270 3.65010 3.76520 3.18810 3.18860 3.42030 3.63550 3.75630 3.80320 h_stis_ngsl_hd097633_v2.fits -0.200000 0.155000stis_ngsl_v2/h_stis_ngsl_hd097633_v2.fits
198 0.00000 0.00000 0.00000 0.00000 0.00000 0.00000 0.00000 0.00000 0.00000 0.00000  0.00000 0.800000stis_ngsl_v2/h_stis_ngsl_hd099648_v2.fits
199 6.45880 5.79590 5.58930 5.48300 6.45880 6.47490 5.81250 5.59790 5.48800 5.44780 h_stis_ngsl_hd101013_v2.fits -0.00000 0.335000stis_ngsl_v2/h_stis_ngsl_hd101013_v2.fits
200 5.66660 5.55220 5.58270 5.65340 5.66660 5.67360 5.55310 5.57750 5.64420 5.69800 h_stis_ngsl_hd101107_v2.fits -0.100000 0.200000stis_ngsl_v2/h_stis_ngsl_hd101107_v2.fits
201 0.00000 0.00000 0.00000 0.00000 0.00000 0.00000 0.00000 0.00000 0.00000 0.00000  0.00000 0.810000stis_ngsl_v2/h_stis_ngsl_hd102212_v2.fits
202 8.81340 7.61330 6.93800 6.61230 8.81340 8.84930 7.64190 6.96890 6.63890 6.46410 h_stis_ngsl_hd102780_v2.fits -0.600000 0.180000stis_ngsl_v2/h_stis_ngsl_hd102780_v2.fits
203 0.00000 0.00000 0.00000 0.00000 0.00000 0.00000 0.00000 0.00000 0.00000 0.00000  0.00000 0.935000stis_ngsl_v2/h_stis_ngsl_hd103036_v2.fits
204 4.03590 3.95450 3.99470 4.04930 4.03590 4.04180 3.95390 3.98970 4.04420 4.06920 h_stis_ngsl_hd105452_v2.fits -0.200000 0.470000stis_ngsl_v2/h_stis_ngsl_hd105452_v2.fits
205 0.00000 0.00000 0.00000 0.00000 0.00000 0.00000 0.00000 0.00000 0.00000 0.00000  0.00000 0.830000stis_ngsl_v2/h_stis_ngsl_hd105546_v2.fits
206 8.75690 8.08740 7.80830 7.67510 8.75690 8.77420 8.10490 7.82170 7.68710 7.60530 h_stis_ngsl_hd105740_v2.fits -0.700000 0.285000stis_ngsl_v2/h_stis_ngsl_hd105740_v2.fits
207 8.94480 9.16100 9.36960 9.46500 8.94480 8.94520 9.14900 9.35590 9.45690 9.49480 h_stis_ngsl_hd106304_v2.fits -1.80000 0.325000stis_ngsl_v2/h_stis_ngsl_hd106304_v2.fits
208 6.22490 5.98290 5.91370 5.92530 6.22490 6.23220 5.98860 5.91460 5.92150 5.94100 h_stis_ngsl_hd106516_v2.fits -0.700000 0.355000stis_ngsl_v2/h_stis_ngsl_hd106516_v2.fits
209 0.00000 0.00000 0.00000 0.00000 0.00000 0.00000 0.00000 0.00000 0.00000 0.00000  0.00000 0.675000stis_ngsl_v2/h_stis_ngsl_hd107582_v2.fits
210 0.00000 0.00000 0.00000 0.00000 0.00000 0.00000 0.00000 0.00000 0.00000 0.00000  0.00000 0.865000stis_ngsl_v2/h_stis_ngsl_hd108945_v2.fits
211 3.65490 3.90110 4.10710 4.28230 3.65490 3.65260 3.89270 4.09540 4.25870 4.39560 h_stis_ngsl_hd109387_v2.fits 9.90000 0.600000stis_ngsl_v2/h_stis_ngsl_hd109387_v2.fits
212 7.48700 7.67050 7.83400 7.91100 7.48700 7.48810 7.66030 7.82260 7.90620 7.92470 h_stis_ngsl_hd109995_v2.fits -1.60000 0.0200000stis_ngsl_v2/h_stis_ngsl_hd109995_v2.fits
213 0.00000 0.00000 0.00000 0.00000 0.00000 0.00000 0.00000 0.00000 0.00000 0.00000  0.00000 0.720000stis_ngsl_v2/h_stis_ngsl_hd110073_v2.fits
214 0.00000 0.00000 0.00000 0.00000 0.00000 0.00000 0.00000 0.00000 0.00000 0.00000  0.00000 0.785000stis_ngsl_v2/h_stis_ngsl_hd110885_v2.fits
215 7.11050 6.08270 5.63640 5.39100 7.11050 7.14190 6.10800 5.65840 5.41340 5.26840 h_stis_ngsl_hd111464_v2.fits -0.600000 0.0700000stis_ngsl_v2/h_stis_ngsl_hd111464_v2.fits
216 8.32410 7.90380 7.75830 7.71110 8.32410 8.33420 7.91420 7.76380 7.71350 7.68970 h_stis_ngsl_hd111515_v2.fits -0.300000 0.360000stis_ngsl_v2/h_stis_ngsl_hd111515_v2.fits
217 0.00000 0.00000 0.00000 0.00000 0.00000 0.00000 0.00000 0.00000 0.00000 0.00000  0.00000 0.815000stis_ngsl_v2/h_stis_ngsl_hd111721_v2.fits
218 6.13370 6.12980 6.18140 6.24740 6.13370 6.13810 6.12710 6.17570 6.24100 6.27620 h_stis_ngsl_hd111786_v2.fits -1.30000 0.465000stis_ngsl_v2/h_stis_ngsl_hd111786_v2.fits
219 2.75040 3.05720 3.32650 3.50180 2.75040 2.75030 3.04350 3.30870 3.48560 3.57960 h_stis_ngsl_hd112413_v2.fits 0.500000 0.355000stis_ngsl_v2/h_stis_ngsl_hd112413_v2.fits
220 8.97540 8.48800 8.29540 8.21460 8.97540 8.98670 8.50090 8.30390 8.22130 8.17410 h_stis_ngsl_hd113002_v2.fits -0.600000 0.255000stis_ngsl_v2/h_stis_ngsl_hd113002_v2.fits
221 5.83520 4.91840 4.52890 4.32330 5.83520 5.86130 4.94110 4.54810 4.34330 4.21500 h_stis_ngsl_hd113092_v2.fits -0.600000 0.350000stis_ngsl_v2/h_stis_ngsl_hd113092_v2.fits
222 0.00000 0.00000 0.00000 0.00000 0.00000 0.00000 0.00000 0.00000 0.00000 0.00000  0.00000 0.700000stis_ngsl_v2/h_stis_ngsl_hd114330_v2.fits
223 4.39600 4.07130 3.98890 3.99180 4.39600 4.40540 4.07970 3.99030 3.98920 3.99770 h_stis_ngsl_hd114710_v2.fits 0.200000 0.555000stis_ngsl_v2/h_stis_ngsl_hd114710_v2.fits
224 4.95360 4.50360 4.37410 4.34940 4.95360 4.96580 4.51580 4.37810 4.34880 4.34420 h_stis_ngsl_hd115617_v2.fits 0.00000 0.560000stis_ngsl_v2/h_stis_ngsl_hd115617_v2.fits
225 0.00000 0.00000 0.00000 0.00000 0.00000 0.00000 0.00000 0.00000 0.00000 0.00000  0.00000 0.905000stis_ngsl_v2/h_stis_ngsl_hd117880_v2.fits
226 0.00000 0.00000 0.00000 0.00000 0.00000 0.00000 0.00000 0.00000 0.00000 0.00000  0.00000 0.610000stis_ngsl_v2/h_stis_ngsl_hd118055_v2.fits
227 0.00000 0.00000 0.00000 0.00000 0.00000 0.00000 0.00000 0.00000 0.00000 0.00000  0.00000 0.705000stis_ngsl_v2/h_stis_ngsl_hd119971_v2.fits
228 6.79850 5.95790 5.64050 5.48240 6.79850 6.82390 5.97950 5.65480 5.49550 5.40500 h_stis_ngsl_hd121146_v2.fits -0.100000 0.350000stis_ngsl_v2/h_stis_ngsl_hd121146_v2.fits
229 0.00000 0.00000 0.00000 0.00000 0.00000 0.00000 0.00000 0.00000 0.00000 0.00000  0.00000 0.720000stis_ngsl_v2/h_stis_ngsl_hd122064_v2.fits
230 0.00000 0.00000 0.00000 0.00000 0.00000 0.00000 0.00000 0.00000 0.00000 0.00000  0.00000 0.800000stis_ngsl_v2/h_stis_ngsl_hd122956_v2.fits
231 5.68900 4.47930 2.97920 2.36390 5.68900 5.69960 4.51140 3.04730 2.40580 2.10140 h_stis_ngsl_hd123657_v2.fits 9.90000 0.235000stis_ngsl_v2/h_stis_ngsl_hd123657_v2.fits
232 6.58540 5.71060 5.40770 5.24380 6.58540 6.61210 5.73260 5.42130 5.25490 5.17490 h_stis_ngsl_hd124186_v2.fits 0.200000 0.210000stis_ngsl_v2/h_stis_ngsl_hd124186_v2.fits
233 6.00900 5.77440 5.72880 5.75670 6.00900 6.01730 5.77960 5.72790 5.75200 5.77400 h_stis_ngsl_hd124425_v2.fits -0.00000 0.410000stis_ngsl_v2/h_stis_ngsl_hd124425_v2.fits
234 0.00000 0.00000 0.00000 0.00000 0.00000 0.00000 0.00000 0.00000 0.00000 0.00000  0.00000 0.895000stis_ngsl_v2/h_stis_ngsl_hd124547_v2.fits
235 0.00000 0.00000 0.00000 0.00000 0.00000 0.00000 0.00000 0.00000 0.00000 0.00000  0.00000 0.720000stis_ngsl_v2/h_stis_ngsl_hd126327_v2.fits
236 8.59670 8.12090 7.98190 7.95070 8.59670 8.60920 8.13380 7.98630 7.95090 7.94080 h_stis_ngsl_hd126511_v2.fits 0.200000 0.405000stis_ngsl_v2/h_stis_ngsl_hd126511_v2.fits
237 9.05480 8.54760 8.42380 8.38690 9.05480 9.06860 8.56160 8.42710 8.38770 8.37090 h_stis_ngsl_hd126614_v2.fits 0.500000 0.345000stis_ngsl_v2/h_stis_ngsl_hd126614_v2.fits
238 5.36980 5.40660 5.52840 5.60680 5.36980 5.37530 5.40070 5.51860 5.60260 5.61860 h_stis_ngsl_hd126661_v2.fits 0.400000 0.415000stis_ngsl_v2/h_stis_ngsl_hd126661_v2.fits
239 0.00000 0.00000 0.00000 0.00000 0.00000 0.00000 0.00000 0.00000 0.00000 0.00000  0.00000 0.830000stis_ngsl_v2/h_stis_ngsl_hd128000_v2.fits
240 0.00000 0.00000 0.00000 0.00000 0.00000 0.00000 0.00000 0.00000 0.00000 0.00000  0.00000 0.635000stis_ngsl_v2/h_stis_ngsl_hd128279_v2.fits
241 8.64300 8.88910 9.12750 9.26030 8.64300 8.64280 8.87670 9.11150 9.24820 9.31330 h_stis_ngsl_hd128801_v2.fits -1.90000 0.580000stis_ngsl_v2/h_stis_ngsl_hd128801_v2.fits
242 0.00000 0.00000 0.00000 0.00000 0.00000 0.00000 0.00000 0.00000 0.00000 0.00000  0.00000 0.930000stis_ngsl_v2/h_stis_ngsl_hd128987_v2.fits
243 0.00000 0.00000 0.00000 0.00000 0.00000 0.00000 0.00000 0.00000 0.00000 0.00000  0.00000 0.805000stis_ngsl_v2/h_stis_ngsl_hd131873_v2.fits
244 6.31300 5.45270 5.15710 4.98550 6.31300 6.33920 5.47400 5.17050 4.99670 4.91590 h_stis_ngsl_hd132345_v2.fits 0.200000 0.220000stis_ngsl_v2/h_stis_ngsl_hd132345_v2.fits
245 8.72580 8.38780 8.25270 8.21440 8.72580 8.73380 8.39680 8.25760 8.21430 8.21120 h_stis_ngsl_hd132475_v2.fits -1.60000 0.510000stis_ngsl_v2/h_stis_ngsl_hd132475_v2.fits
246 8.43170 8.08870 7.97610 7.94480 8.43170 8.44020 8.09740 7.98010 7.94090 7.93680 h_stis_ngsl_hd134113_v2.fits -0.600000 0.395000stis_ngsl_v2/h_stis_ngsl_hd134113_v2.fits
247 0.00000 0.00000 0.00000 0.00000 0.00000 0.00000 0.00000 0.00000 0.00000 0.00000  0.00000 1.11000stis_ngsl_v2/h_stis_ngsl_hd134439_v2.fits
248 9.73310 9.11590 8.87780 8.78040 9.73310 9.75090 9.13240 8.88830 8.78540 8.74930 h_stis_ngsl_hd134440_v2.fits -1.10000 0.570000stis_ngsl_v2/h_stis_ngsl_hd134440_v2.fits
249 0.00000 0.00000 0.00000 0.00000 0.00000 0.00000 0.00000 0.00000 0.00000 0.00000  0.00000 0.715000stis_ngsl_v2/h_stis_ngsl_hd136726_v2.fits
250 0.00000 0.00000 0.00000 0.00000 0.00000 0.00000 0.00000 0.00000 0.00000 0.00000  0.00000 1.13000stis_ngsl_v2/h_stis_ngsl_hd137759_v2.fits
251 3.79430 3.82110 3.98310 4.09880 3.79430 3.80110 3.81600 3.97060 4.09060 4.13180 h_stis_ngsl_hd137909_v2.fits 0.00000 0.155000stis_ngsl_v2/h_stis_ngsl_hd137909_v2.fits
252 0.00000 0.00000 0.00000 0.00000 0.00000 0.00000 0.00000 0.00000 0.00000 0.00000  0.00000 0.925000stis_ngsl_v2/h_stis_ngsl_hd138716_v2.fits
253 4.11000 4.44560 4.72780 4.91620 4.11000 4.10690 4.43010 4.70950 4.89510 5.02650 h_stis_ngsl_hd138749_v2.fits -0.600000 0.545000stis_ngsl_v2/h_stis_ngsl_hd138749_v2.fits
254 5.78730 5.83220 5.94220 6.03880 5.78730 5.79400 5.82710 5.93270 6.03160 6.07150 h_stis_ngsl_hd140232_v2.fits 0.500000 0.355000stis_ngsl_v2/h_stis_ngsl_hd140232_v2.fits
255 0.00000 0.00000 0.00000 0.00000 0.00000 0.00000 0.00000 0.00000 0.00000 0.00000  0.00000 0.725000stis_ngsl_v2/h_stis_ngsl_hd141795_v2.fits
256 5.05930 5.16830 5.31710 5.43190 5.05930 5.06240 5.16080 5.30530 5.42160 5.47940 h_stis_ngsl_hd141851_v2.fits -0.200000 0.535000stis_ngsl_v2/h_stis_ngsl_hd141851_v2.fits
257 0.00000 0.00000 0.00000 0.00000 0.00000 0.00000 0.00000 0.00000 0.00000 0.00000  0.00000 0.690000stis_ngsl_v2/h_stis_ngsl_hd142091_v2.fits
258 6.11530 6.08660 6.13680 6.19520 6.11530 6.11950 6.08450 6.13140 6.18920 6.22260 h_stis_ngsl_hd142703_v2.fits -1.40000 0.110000stis_ngsl_v2/h_stis_ngsl_hd142703_v2.fits
259 0.00000 0.00000 0.00000 0.00000 0.00000 0.00000 0.00000 0.00000 0.00000 0.00000  0.00000 0.00000stis_ngsl_v2/h_stis_ngsl_hd142860_v2.fits
260 0.00000 0.00000 0.00000 0.00000 0.00000 0.00000 0.00000 0.00000 0.00000 0.00000  0.00000 0.730000stis_ngsl_v2/h_stis_ngsl_hd142926_v2.fits
261 0.00000 0.00000 0.00000 0.00000 0.00000 0.00000 0.00000 0.00000 0.00000 0.00000  0.00000 0.910000stis_ngsl_v2/h_stis_ngsl_hd143107_v2.fits
262 5.46030 5.65830 5.82810 5.90460 5.46030 5.46090 5.64740 5.81620 5.89910 5.92210 h_stis_ngsl_hd143459_v2.fits -0.600000 0.0900000stis_ngsl_v2/h_stis_ngsl_hd143459_v2.fits
263 0.00000 0.00000 0.00000 0.00000 0.00000 0.00000 0.00000 0.00000 0.00000 0.00000  0.00000 0.00000stis_ngsl_v2/h_stis_ngsl_hd145328_v2.fits
264 0.00000 0.00000 0.00000 0.00000 0.00000 0.00000 0.00000 0.00000 0.00000 0.00000  0.00000 0.740000stis_ngsl_v2/h_stis_ngsl_hd146051_v2.fits
265 0.00000 0.00000 0.00000 0.00000 0.00000 0.00000 0.00000 0.00000 0.00000 0.00000  0.00000 0.905000stis_ngsl_v2/h_stis_ngsl_hd146233_v2.fits
266 3.68170 4.05160 4.35700 4.55280 3.68170 3.67840 4.03440 4.33780 4.53260 4.65570 h_stis_ngsl_hd147394_v2.fits 9.90000 0.0800000stis_ngsl_v2/h_stis_ngsl_hd147394_v2.fits
267 0.00000 0.00000 0.00000 0.00000 0.00000 0.00000 0.00000 0.00000 0.00000 0.00000  0.00000 0.00000stis_ngsl_v2/h_stis_ngsl_hd147550_v2.fits
268 5.63830 4.89320 4.63950 4.51120 5.63830 5.65970 4.91210 4.65030 4.51990 4.45660 h_stis_ngsl_hd148293_v2.fits 0.00000 0.310000stis_ngsl_v2/h_stis_ngsl_hd148293_v2.fits
269 5.92510 4.86100 4.41500 4.16760 5.92510 5.95890 4.88630 4.43600 4.18850 4.04890 h_stis_ngsl_hd148513_v2.fits -0.300000 0.250000stis_ngsl_v2/h_stis_ngsl_hd148513_v2.fits
270 0.00000 0.00000 0.00000 0.00000 0.00000 0.00000 0.00000 0.00000 0.00000 0.00000  0.00000 0.620000stis_ngsl_v2/h_stis_ngsl_hd149161_v2.fits
271 8.70570 9.17940 9.55190 9.83150 8.70570 8.69960 9.15860 9.52860 9.79930 10.0148 h_stis_ngsl_hd149382_v2.fits 9.90000 0.0250000stis_ngsl_v2/h_stis_ngsl_hd149382_v2.fits
272 2.98100 3.31170 3.59550 3.76000 2.98100 2.97830 3.29620 3.57760 3.74340 3.84280 h_stis_ngsl_hd155763_v2.fits 9.90000 0.130000stis_ngsl_v2/h_stis_ngsl_hd155763_v2.fits
273 3.66180 2.65900 2.26030 2.04940 3.66180 3.69230 2.68290 2.27860 2.06570 1.95220 h_stis_ngsl_hd156283_v2.fits -0.100000 0.155000stis_ngsl_v2/h_stis_ngsl_hd156283_v2.fits
274 3.36270 2.33570 1.96720 1.76150 3.36270 3.39350 2.35960 1.98350 1.77490 1.67810 h_stis_ngsl_hd157244_v2.fits -0.100000 0.385000stis_ngsl_v2/h_stis_ngsl_hd157244_v2.fits
275 3.09570 2.48280 2.26400 2.18010 3.09570 3.11160 2.49830 2.27260 2.18490 2.14170 h_stis_ngsl_hd159181_v2.fits -0.600000 0.320000stis_ngsl_v2/h_stis_ngsl_hd159181_v2.fits
276 6.84460 6.15430 5.89210 5.77860 6.84460 6.86740 6.17250 5.90440 5.78710 5.72570 h_stis_ngsl_hd160346_v2.fits 0.100000 0.475000stis_ngsl_v2/h_stis_ngsl_hd160346_v2.fits
277 0.00000 0.00000 0.00000 0.00000 0.00000 0.00000 0.00000 0.00000 0.00000 0.00000  0.00000 0.675000stis_ngsl_v2/h_stis_ngsl_hd160762_v2.fits
278 4.85530 4.66330 4.64310 4.67290 4.85530 4.86320 4.66680 4.64140 4.66810 4.69180 h_stis_ngsl_hd160922_v2.fits 0.00000 0.150000stis_ngsl_v2/h_stis_ngsl_hd160922_v2.fits
279 0.00000 0.00000 0.00000 0.00000 0.00000 0.00000 0.00000 0.00000 0.00000 0.00000  0.00000 0.700000stis_ngsl_v2/h_stis_ngsl_hd161770_v2.fits
280 7.02790 6.63700 6.47870 6.40920 7.02790 7.03910 6.64710 6.48470 6.41350 6.37790 h_stis_ngsl_hd163346_v2.fits -0.600000 0.440000stis_ngsl_v2/h_stis_ngsl_hd163346_v2.fits
281 6.15500 6.36800 6.57760 6.69420 6.15500 6.15500 6.35610 6.56370 6.68390 6.73840 h_stis_ngsl_hd163641_v2.fits -0.100000 0.0500000stis_ngsl_v2/h_stis_ngsl_hd163641_v2.fits
282 0.00000 0.00000 0.00000 0.00000 0.00000 0.00000 0.00000 0.00000 0.00000 0.00000  0.00000 0.885000stis_ngsl_v2/h_stis_ngsl_hd163810_v2.fits
283 2.80540 1.70250 1.16670 0.907700 2.80540 2.83850 1.72880 1.19060 0.928600 0.784200 h_stis_ngsl_hd164058_v2.fits -0.400000 0.410000stis_ngsl_v2/h_stis_ngsl_hd164058_v2.fits
284 6.70720 6.83160 6.98850 7.05200 6.70720 6.70970 6.82320 6.97740 7.04780 7.06250 h_stis_ngsl_hd164257_v2.fits -0.100000 0.360000stis_ngsl_v2/h_stis_ngsl_hd164257_v2.fits
285 3.88740 4.04380 4.22520 4.33690 3.88740 3.88670 4.03470 4.21290 4.32250 4.41090 h_stis_ngsl_hd164353_v2.fits 9.90000 0.120000stis_ngsl_v2/h_stis_ngsl_hd164353_v2.fits
286 0.00000 0.00000 0.00000 0.00000 0.00000 0.00000 0.00000 0.00000 0.00000 0.00000  0.00000 0.800000stis_ngsl_v2/h_stis_ngsl_hd164402_v2.fits
287 7.14590 7.26130 7.39960 7.49120 7.14590 7.14950 7.25310 7.38890 7.48640 7.50700 h_stis_ngsl_hd164967_v2.fits -0.600000 0.370000stis_ngsl_v2/h_stis_ngsl_hd164967_v2.fits
288 0.00000 0.00000 0.00000 0.00000 0.00000 0.00000 0.00000 0.00000 0.00000 0.00000  0.00000 0.00000stis_ngsl_v2/h_stis_ngsl_hd165195_v2.fits
289 0.00000 0.00000 0.00000 0.00000 0.00000 0.00000 0.00000 0.00000 0.00000 0.00000  0.00000 0.705000stis_ngsl_v2/h_stis_ngsl_hd165341_v2.fits
290 5.28730 4.69010 4.48150 4.39130 5.28730 5.30440 4.70570 4.48990 4.39710 4.35090 h_stis_ngsl_hd166208_v2.fits 0.00000 0.0150000stis_ngsl_v2/h_stis_ngsl_hd166208_v2.fits
291 5.88290 5.11360 4.84550 4.70260 5.88290 5.90590 5.13310 4.85750 4.71170 4.64410 h_stis_ngsl_hd166229_v2.fits 0.100000 0.140000stis_ngsl_v2/h_stis_ngsl_hd166229_v2.fits
292 0.00000 0.00000 0.00000 0.00000 0.00000 0.00000 0.00000 0.00000 0.00000 0.00000  0.00000 0.680000stis_ngsl_v2/h_stis_ngsl_hd166283_v2.fits
293 6.75040 6.89600 7.05980 7.17510 6.75040 6.75380 6.88630 7.04720 7.16790 7.20450 h_stis_ngsl_hd166991_v2.fits -0.300000 0.445000stis_ngsl_v2/h_stis_ngsl_hd166991_v2.fits
294 0.00000 0.00000 0.00000 0.00000 0.00000 0.00000 0.00000 0.00000 0.00000 0.00000  0.00000 0.660000stis_ngsl_v2/h_stis_ngsl_hd167006_v2.fits
295 0.00000 0.00000 0.00000 0.00000 0.00000 0.00000 0.00000 0.00000 0.00000 0.00000  0.00000 0.935000stis_ngsl_v2/h_stis_ngsl_hd167105_v2.fits
296 0.00000 0.00000 0.00000 0.00000 0.00000 0.00000 0.00000 0.00000 0.00000 0.00000  0.00000 0.855000stis_ngsl_v2/h_stis_ngsl_hd167278_v2.fits
297 0.00000 0.00000 0.00000 0.00000 0.00000 0.00000 0.00000 0.00000 0.00000 0.00000  0.00000 0.630000stis_ngsl_v2/h_stis_ngsl_hd167946_v2.fits
298 0.00000 0.00000 0.00000 0.00000 0.00000 0.00000 0.00000 0.00000 0.00000 0.00000  0.00000 0.825000stis_ngsl_v2/h_stis_ngsl_hd169191_v2.fits
299 8.39250 7.84670 7.62100 7.52980 8.39250 8.40540 7.86150 7.63110 7.53740 7.48310 h_stis_ngsl_hd170737_v2.fits -0.900000 0.485000stis_ngsl_v2/h_stis_ngsl_hd170737_v2.fits
300 0.00000 0.00000 0.00000 0.00000 0.00000 0.00000 0.00000 0.00000 0.00000 0.00000  0.00000 0.00000stis_ngsl_v2/h_stis_ngsl_hd170756_v2.fits
301 6.29220 6.51200 6.75210 6.89680 6.29220 6.29390 6.49990 6.73560 6.88380 6.95600 h_stis_ngsl_hd170973_v2.fits 0.500000 0.450000stis_ngsl_v2/h_stis_ngsl_hd170973_v2.fits
302 7.17210 7.17700 7.26920 7.32670 7.17210 7.17930 7.17230 7.26110 7.32440 7.33090 h_stis_ngsl_hd172230_v2.fits 0.500000 0.0300000stis_ngsl_v2/h_stis_ngsl_hd172230_v2.fits
303 0.00000 0.00000 0.00000 0.00000 0.00000 0.00000 0.00000 0.00000 0.00000 0.00000  0.00000 0.955000stis_ngsl_v2/h_stis_ngsl_hd172506_v2.fits
304 8.52420 7.32120 6.77770 6.46410 8.52420 8.56280 7.34890 6.80610 6.49520 6.29970 h_stis_ngsl_hd173158_v2.fits -1.30000 0.405000stis_ngsl_v2/h_stis_ngsl_hd173158_v2.fits
305 6.48020 5.41970 4.69010 4.32070 6.48020 6.50550 5.44530 4.72500 4.34360 4.19620 h_stis_ngsl_hd173819_v2.fits -0.600000 0.170000stis_ngsl_v2/h_stis_ngsl_hd173819_v2.fits
306 6.12510 6.33170 6.52870 6.63270 6.12510 6.12620 6.31990 6.51510 6.62620 6.65630 h_stis_ngsl_hd174240_v2.fits -0.200000 0.280000stis_ngsl_v2/h_stis_ngsl_hd174240_v2.fits
307 0.00000 0.00000 0.00000 0.00000 0.00000 0.00000 0.00000 0.00000 0.00000 0.00000  0.00000 0.630000stis_ngsl_v2/h_stis_ngsl_hd174959_v2.fits
308 0.00000 0.00000 0.00000 0.00000 0.00000 0.00000 0.00000 0.00000 0.00000 0.00000  0.00000 0.820000stis_ngsl_v2/h_stis_ngsl_hd174966_v2.fits
309 5.07950 5.08910 5.16680 5.21880 5.07950 5.08130 5.08510 5.15990 5.20960 5.26390 h_stis_ngsl_hd175156_v2.fits 9.90000 0.600000stis_ngsl_v2/h_stis_ngsl_hd175156_v2.fits
310 0.00000 0.00000 0.00000 0.00000 0.00000 0.00000 0.00000 0.00000 0.00000 0.00000  0.00000 1.00500stis_ngsl_v2/h_stis_ngsl_hd175305_v2.fits
311 7.81120 6.97750 6.66810 6.50910 7.81120 7.83630 6.99890 6.68210 6.52220 6.43050 h_stis_ngsl_hd175545_v2.fits 0.00000 0.160000stis_ngsl_v2/h_stis_ngsl_hd175545_v2.fits
312 0.00000 0.00000 0.00000 0.00000 0.00000 0.00000 0.00000 0.00000 0.00000 0.00000  0.00000 0.635000stis_ngsl_v2/h_stis_ngsl_hd175640_v2.fits
313 0.00000 0.00000 0.00000 0.00000 0.00000 0.00000 0.00000 0.00000 0.00000 0.00000  0.00000 0.00000stis_ngsl_v2/h_stis_ngsl_hd175674_v2.fits
314 0.00000 0.00000 0.00000 0.00000 0.00000 0.00000 0.00000 0.00000 0.00000 0.00000  0.00000 0.825000stis_ngsl_v2/h_stis_ngsl_hd175805_v2.fits
315 0.00000 0.00000 0.00000 0.00000 0.00000 0.00000 0.00000 0.00000 0.00000 0.00000  0.00000 0.765000stis_ngsl_v2/h_stis_ngsl_hd175865_v2.fits
316 0.00000 0.00000 0.00000 0.00000 0.00000 0.00000 0.00000 0.00000 0.00000 0.00000  0.00000 0.970000stis_ngsl_v2/h_stis_ngsl_hd176232_v2.fits
317 3.11190 3.36750 3.58730 3.66690 3.11190 3.11030 3.35510 3.57290 3.65830 3.71060 h_stis_ngsl_hd176437_v2.fits 9.90000 0.265000stis_ngsl_v2/h_stis_ngsl_hd176437_v2.fits
318 0.00000 0.00000 0.00000 0.00000 0.00000 0.00000 0.00000 0.00000 0.00000 0.00000  0.00000 0.00000stis_ngsl_v2/h_stis_ngsl_hd181720_v2.fits
319 0.00000 0.00000 0.00000 0.00000 0.00000 0.00000 0.00000 0.00000 0.00000 0.00000  0.00000 0.960000stis_ngsl_v2/h_stis_ngsl_hd183324_v2.fits
320 7.78380 6.88440 6.55730 6.37550 7.78380 7.80660 6.90710 6.57290 6.38830 6.30400 h_stis_ngsl_hd183915_v2.fits -0.400000 0.500000stis_ngsl_v2/h_stis_ngsl_hd183915_v2.fits
321 0.00000 0.00000 0.00000 0.00000 0.00000 0.00000 0.00000 0.00000 0.00000 0.00000  0.00000 0.875000stis_ngsl_v2/h_stis_ngsl_hd184266_v2.fits
322 4.92610 4.39730 4.22370 4.17510 4.92610 4.94070 4.41160 4.22990 4.17790 4.15190 h_stis_ngsl_hd185144_v2.fits -0.100000 0.440000stis_ngsl_v2/h_stis_ngsl_hd185144_v2.fits
323 0.00000 0.00000 0.00000 0.00000 0.00000 0.00000 0.00000 0.00000 0.00000 0.00000  0.00000 0.730000stis_ngsl_v2/h_stis_ngsl_hd185351_v2.fits
324 0.00000 0.00000 0.00000 0.00000 0.00000 0.00000 0.00000 0.00000 0.00000 0.00000  0.00000 0.805000stis_ngsl_v2/h_stis_ngsl_hd187111_v2.fits
325 5.54580 5.79740 6.03160 6.19370 5.54580 5.54350 5.78410 6.01630 6.17450 6.29250 h_stis_ngsl_hd187879_v2.fits 9.90000 0.375000stis_ngsl_v2/h_stis_ngsl_hd187879_v2.fits
326 0.00000 0.00000 0.00000 0.00000 0.00000 0.00000 0.00000 0.00000 0.00000 0.00000  0.00000 0.880000stis_ngsl_v2/h_stis_ngsl_hd188262_v2.fits
327 0.00000 0.00000 0.00000 0.00000 0.00000 0.00000 0.00000 0.00000 0.00000 0.00000  0.00000 0.610000stis_ngsl_v2/h_stis_ngsl_hd190073_v2.fits
328 0.00000 0.00000 0.00000 0.00000 0.00000 0.00000 0.00000 0.00000 0.00000 0.00000  0.00000 0.740000stis_ngsl_v2/h_stis_ngsl_hd190360_v2.fits
329 0.00000 0.00000 0.00000 0.00000 0.00000 0.00000 0.00000 0.00000 0.00000 0.00000  0.00000 0.770000stis_ngsl_v2/h_stis_ngsl_hd190404_v2.fits
330 5.65740 5.09470 4.91640 4.84850 5.65740 5.67290 5.10950 4.92340 4.85340 4.81470 h_stis_ngsl_hd191026_v2.fits 0.100000 0.335000stis_ngsl_v2/h_stis_ngsl_hd191026_v2.fits
331 5.82110 4.98970 4.69320 4.54110 5.82110 5.84690 5.01080 4.70640 4.55220 4.47450 h_stis_ngsl_hd191277_v2.fits 0.100000 0.0500000stis_ngsl_v2/h_stis_ngsl_hd191277_v2.fits
332 6.66260 6.79940 6.94810 7.03070 6.66260 6.66520 6.79040 6.93760 7.02560 7.04980 h_stis_ngsl_hd193281_v2.fits -0.600000 0.215000stis_ngsl_v2/h_stis_ngsl_hd193281_v2.fits
333 3.35080 2.81310 2.60670 2.50430 3.35080 3.36440 2.82760 2.61510 2.51020 2.46170 h_stis_ngsl_hd193495_v2.fits 9.90000 0.480000stis_ngsl_v2/h_stis_ngsl_hd193495_v2.fits
334 2.39830 2.05210 1.96530 1.93100 2.39830 2.41000 2.05930 1.96670 1.93390 1.90730 h_stis_ngsl_hd194093_v2.fits 9.90000 0.195000stis_ngsl_v2/h_stis_ngsl_hd194093_v2.fits
335 6.62930 6.88570 7.11370 7.23620 6.62930 6.62900 6.87200 7.09850 7.22620 7.27860 h_stis_ngsl_hd194453_v2.fits 0.00000 0.00000stis_ngsl_v2/h_stis_ngsl_hd194453_v2.fits
336 9.62160 8.96730 8.68580 8.55480 9.62160 9.64140 8.98490 8.70000 8.56630 8.48940 h_stis_ngsl_hd195434_v2.fits -0.500000 0.145000stis_ngsl_v2/h_stis_ngsl_hd195434_v2.fits
337 7.55200 7.29590 7.22290 7.23780 7.55200 7.55970 7.30170 7.22360 7.23370 7.25390 h_stis_ngsl_hd196218_v2.fits 0.00000 0.455000stis_ngsl_v2/h_stis_ngsl_hd196218_v2.fits
338 6.05320 6.36520 6.62480 6.78110 6.05320 6.05120 6.35000 6.60820 6.76620 6.85360 h_stis_ngsl_hd196426_v2.fits -0.500000 0.210000stis_ngsl_v2/h_stis_ngsl_hd196426_v2.fits
339 0.00000 0.00000 0.00000 0.00000 0.00000 0.00000 0.00000 0.00000 0.00000 0.00000  0.00000 0.780000stis_ngsl_v2/h_stis_ngsl_hd196662_v2.fits
340 6.26830 5.17260 4.73320 4.50120 6.26830 6.30260 5.19830 4.75320 4.52080 4.38780 h_stis_ngsl_hd196725_v2.fits -0.600000 0.435000stis_ngsl_v2/h_stis_ngsl_hd196725_v2.fits
341 0.00000 0.00000 0.00000 0.00000 0.00000 0.00000 0.00000 0.00000 0.00000 0.00000  0.00000 0.00000stis_ngsl_v2/h_stis_ngsl_hd196892_v2.fits
342 6.00600 5.32320 5.08820 4.98270 6.00600 6.02420 5.34080 5.09800 4.98900 4.93950 h_stis_ngsl_hd197177_v2.fits -0.400000 0.545000stis_ngsl_v2/h_stis_ngsl_hd197177_v2.fits
343 4.82040 4.28890 4.11690 4.05950 4.82040 4.83370 4.30300 4.12330 4.06110 4.04120 h_stis_ngsl_hd198809_v2.fits -0.00000 0.560000stis_ngsl_v2/h_stis_ngsl_hd198809_v2.fits
344 8.21320 7.69540 7.51100 7.43810 8.21320 8.22690 7.70920 7.51830 7.44250 7.40470 h_stis_ngsl_hd200081_v2.fits -0.500000 0.560000stis_ngsl_v2/h_stis_ngsl_hd200081_v2.fits
345 4.30530 3.11520 2.54290 2.26760 4.30530 4.34090 3.14250 2.56790 2.28750 2.14770 h_stis_ngsl_hd200905_v2.fits -0.600000 0.550000stis_ngsl_v2/h_stis_ngsl_hd200905_v2.fits
346 5.67370 4.74240 4.36280 4.18750 5.67370 5.71010 4.76700 4.38230 4.20400 4.09590 h_stis_ngsl_hd201091_v2.fits -0.100000 0.235000stis_ngsl_v2/h_stis_ngsl_hd201091_v2.fits
347 6.63680 6.72200 6.84800 6.95040 6.63680 6.64100 6.71500 6.83760 6.94230 6.98640 h_stis_ngsl_hd201377_v2.fits 0.00000 0.530000stis_ngsl_v2/h_stis_ngsl_hd201377_v2.fits
348 0.00000 0.00000 0.00000 0.00000 0.00000 0.00000 0.00000 0.00000 0.00000 0.00000  0.00000 0.645000stis_ngsl_v2/h_stis_ngsl_hd201601_v2.fits
349 5.75480 4.97270 4.71070 4.57050 5.75480 5.77690 4.99260 4.72160 4.58000 4.50920 h_stis_ngsl_hd203638_v2.fits -0.100000 0.470000stis_ngsl_v2/h_stis_ngsl_hd203638_v2.fits
350 6.39730 6.49060 6.61600 6.70670 6.39730 6.40150 6.48350 6.60630 6.70030 6.73400 h_stis_ngsl_hd204041_v2.fits -0.600000 0.105000stis_ngsl_v2/h_stis_ngsl_hd204041_v2.fits
351 8.65160 8.32900 8.22240 8.20060 8.65160 8.65930 8.33690 8.22580 8.20070 8.19130 h_stis_ngsl_hd204155_v2.fits -0.600000 0.165000stis_ngsl_v2/h_stis_ngsl_hd204155_v2.fits
352 0.00000 0.00000 0.00000 0.00000 0.00000 0.00000 0.00000 0.00000 0.00000 0.00000  0.00000 0.880000stis_ngsl_v2/h_stis_ngsl_hd204543_v2.fits
353 0.00000 0.00000 0.00000 0.00000 0.00000 0.00000 0.00000 0.00000 0.00000 0.00000  0.00000 0.705000stis_ngsl_v2/h_stis_ngsl_hd204867_v2.fits
354 8.19130 8.00720 7.97000 7.98460 8.19130 8.19810 8.01070 7.96970 7.98180 7.99550 h_stis_ngsl_hd205202_v2.fits -0.600000 0.275000stis_ngsl_v2/h_stis_ngsl_hd205202_v2.fits
355 6.06420 6.29990 6.51300 6.64860 6.06420 6.06570 6.28680 6.49820 6.63960 6.68780 h_stis_ngsl_hd205811_v2.fits -0.100000 0.0100000stis_ngsl_v2/h_stis_ngsl_hd205811_v2.fits
356 0.00000 0.00000 0.00000 0.00000 0.00000 0.00000 0.00000 0.00000 0.00000 0.00000  0.00000 0.760000stis_ngsl_v2/h_stis_ngsl_hd206778_v2.fits
357 3.92310 2.82020 2.41520 2.19260 3.92310 3.95760 2.84530 2.43310 2.20690 2.10410 h_stis_ngsl_hd210745_v2.fits -0.600000 0.595000stis_ngsl_v2/h_stis_ngsl_hd210745_v2.fits
358 0.00000 0.00000 0.00000 0.00000 0.00000 0.00000 0.00000 0.00000 0.00000 0.00000  0.00000 0.795000stis_ngsl_v2/h_stis_ngsl_hd210807_v2.fits
359 9.37070 8.12740 7.30410 6.92200 9.37070 9.40510 8.15710 7.34130 6.95340 6.74780 h_stis_ngsl_hd212516_v2.fits -0.500000 0.410000stis_ngsl_v2/h_stis_ngsl_hd212516_v2.fits
360 4.48570 4.59710 4.76320 4.82090 4.48570 4.48610 4.58860 4.75230 4.81340 4.86070 h_stis_ngsl_hd212593_v2.fits 9.90000 0.600000stis_ngsl_v2/h_stis_ngsl_hd212593_v2.fits
361 4.33350 3.63730 3.40290 3.29300 4.33350 4.35180 3.65530 3.41250 3.29800 3.25540 h_stis_ngsl_hd215665_v2.fits -0.200000 0.470000stis_ngsl_v2/h_stis_ngsl_hd215665_v2.fits
362 6.39250 5.94540 5.82690 5.79390 6.39250 6.40470 5.95740 5.83060 5.79450 5.78100 h_stis_ngsl_hd217107_v2.fits 0.400000 0.0800000stis_ngsl_v2/h_stis_ngsl_hd217107_v2.fits
363 8.43240 7.27850 6.71100 6.47190 8.43240 8.47590 7.30890 6.74120 6.49150 6.36370 h_stis_ngsl_hd217357_v2.fits -0.300000 0.545000stis_ngsl_v2/h_stis_ngsl_hd217357_v2.fits
364 7.63550 7.44740 7.41750 7.43070 7.63550 7.64190 7.45070 7.41670 7.42880 7.43520 h_stis_ngsl_hd221377_v2.fits -0.600000 0.580000stis_ngsl_v2/h_stis_ngsl_hd221377_v2.fits
365 3.55710 2.86870 2.63380 2.51930 3.55710 3.57670 2.88650 2.64410 2.52710 2.47060 h_stis_ngsl_hd222404_v2.fits 0.100000 0.230000stis_ngsl_v2/h_stis_ngsl_hd222404_v2.fits
366 6.25720 6.50030 6.74570 6.91470 6.25720 6.25810 6.48890 6.72920 6.89770 6.99850 h_stis_ngsl_hd224801_v2.fits 0.500000 0.320000stis_ngsl_v2/h_stis_ngsl_hd224801_v2.fits
367 4.94890 5.27100 5.55620 5.75340 4.94890 4.94640 5.25610 5.53750 5.73210 5.86280 h_stis_ngsl_hd224926_v2.fits -0.500000 0.580000stis_ngsl_v2/h_stis_ngsl_hd224926_v2.fits
368 0.00000 0.00000 0.00000 0.00000 0.00000 0.00000 0.00000 0.00000 0.00000 0.00000  0.00000 0.880000stis_ngsl_v2/h_stis_ngsl_hd232078_v2.fits
369 0.00000 0.00000 0.00000 0.00000 0.00000 0.00000 0.00000 0.00000 0.00000 0.00000  0.00000 0.810000stis_ngsl_v2/h_stis_ngsl_hd284248_v2.fits
370 9.04940 8.73810 8.61580 8.60490 9.04940 9.05720 8.74630 8.61940 8.60240 8.61230 h_stis_ngsl_hd345957_v2.fits -1.40000 0.450000stis_ngsl_v2/h_stis_ngsl_hd345957_v2.fits
371 0.00000 0.00000 0.00000 0.00000 0.00000 0.00000 0.00000 0.00000 0.00000 0.00000  0.00000 1.09000stis_ngsl_v2/h_stis_ngsl_hr0753_v2.fits
372 6.58790 5.45970 4.91880 4.68150 6.58790 6.63060 5.48960 4.94760 4.70250 4.56570 h_stis_ngsl_hr8086_v2.fits -0.700000 0.510000stis_ngsl_v2/h_stis_ngsl_hr8086_v2.fits
373 13.3080 11.8864 9.69310 8.76850 13.3080 13.2933 11.9268 9.82040 8.84760 8.37170 h_stis_ngsl_lhs10_v2.fits 9.90000 0.0800000stis_ngsl_v2/h_stis_ngsl_lhs10_v2.fits
374 12.6379 11.3387 10.5009 10.1320 12.6379 12.6824 11.3728 10.5535 10.1593 9.98260 h_stis_ngsl_lhs482_v2.fits 9.90000 0.0750000stis_ngsl_v2/h_stis_ngsl_lhs482_v2.fits
375 11.3340 11.2849 11.3558 11.4163 11.3340 11.3415 11.2818 11.3494 11.4123 11.4312 h_stis_ngsl_mmj6476_v2.fits 9.90000 0.290000stis_ngsl_v2/h_stis_ngsl_mmj6476_v2.fits
376 10.8603 11.0251 11.2078 11.3151 10.8603 10.8635 11.0138 11.1947 11.3089 11.3395 h_stis_ngsl_mmj6490_v2.fits 9.90000 0.175000stis_ngsl_v2/h_stis_ngsl_mmj6490_v2.fits
377 10.8142 10.3698 10.1356 9.97190 10.8142 10.8258 10.3792 10.1475 9.98860 9.88220 h_stis_ngsl_vbnvul_v2.fits -0.500000 0.515000stis_ngsl_v2/h_stis_ngsl_vbnvul_v2.fits
378 0.00000 0.00000 0.00000 0.00000 0.00000 0.00000 0.00000 0.00000 0.00000 0.00000  0.00000 0.775000stis_ngsl_v2/h_stis_ngsl_vgkcom_v2.fits
379 0.00000 0.00000 0.00000 0.00000 0.00000 0.00000 0.00000 0.00000 0.00000 0.00000  0.00000 0.725000stis_ngsl_v2/h_stis_ngsl_viwcom_v2.fits
