DES-g DES-r DES-i DES-z DES-u PS1-g PS1-r PS1-i PS1-z PS1-y
0 9.61980 9.33770 9.25950 9.25240 10.2322 9.60710 9.35910 9.26510 9.25070 9.25570 bd_17d4708_stisnic_005.fits 99.0000 0.00000calspec_new/cdbs/current_calspec/bd_17d4708_stisnic_005.fits
1 9.31990 8.84570 8.67410 8.59150 10.2609 9.29930 8.88460 8.69640 8.61440 8.57420 h_stis_ngsl_bd+112998_v2.fits -0.600000 0.335000stis_ngsl_v2/h_stis_ngsl_bd+112998_v2.fits
2 10.1465 6.15390 4.93600 4.20520 17.0389 10.0504 6.41820 5.11530 4.32970 4.21540 h_stis_ngsl_bd+363168_v2.fits 9.90000 0.0500000stis_ngsl_v2/h_stis_ngsl_bd+363168_v2.fits
3 9.64680 9.21280 9.07110 9.00720 10.6430 9.62560 9.24370 9.09000 9.02540 8.98940 h_stis_ngsl_bd+381670_v2.fits 9.90000 0.460000stis_ngsl_v2/h_stis_ngsl_bd+381670_v2.fits
4 9.18460 8.57470 8.38790 8.30700 10.6209 9.15610 8.62010 8.41130 8.33120 8.27900 h_stis_ngsl_bd+413306_v2.fits -0.300000 0.345000stis_ngsl_v2/h_stis_ngsl_bd+413306_v2.fits
5 9.26540 9.83350 10.2412 10.5664 8.86020 9.28220 9.76330 10.1673 10.4588 10.6844 h_stis_ngsl_bd+75d325_v2.fits 99.0000 0.00000stis_ngsl_v2/h_stis_ngsl_bd+75d325_v2.fits
6 0.00000 0.00000 0.00000 0.00000 0.00000 0.00000 0.00000 0.00000 0.00000 0.00000  0.00000 0.620000stis_ngsl_v2/h_stis_ngsl_bd-122669_v2.fits
7 0.00000 0.00000 0.00000 0.00000 0.00000 0.00000 0.00000 0.00000 0.00000 0.00000  0.00000 0.935000stis_ngsl_v2/h_stis_ngsl_bd092860_v2.fits
8 0.00000 0.00000 0.00000 0.00000 0.00000 0.00000 0.00000 0.00000 0.00000 0.00000  0.00000 0.835000stis_ngsl_v2/h_stis_ngsl_bd174708_v2.fits
9 0.00000 0.00000 0.00000 0.00000 0.00000 0.00000 0.00000 0.00000 0.00000 0.00000  0.00000 0.870000stis_ngsl_v2/h_stis_ngsl_bd292091_v2.fits
10 0.00000 0.00000 0.00000 0.00000 0.00000 0.00000 0.00000 0.00000 0.00000 0.00000  0.00000 0.930000stis_ngsl_v2/h_stis_ngsl_bd371458_v2.fits
11 0.00000 0.00000 0.00000 0.00000 0.00000 0.00000 0.00000 0.00000 0.00000 0.00000  0.00000 0.775000stis_ngsl_v2/h_stis_ngsl_bd413931_v2.fits
12 0.00000 0.00000 0.00000 0.00000 0.00000 0.00000 0.00000 0.00000 0.00000 0.00000  0.00000 0.940000stis_ngsl_v2/h_stis_ngsl_bd423607_v2.fits
13 9.44750 8.01080 7.16720 6.80440 11.8616 9.39420 8.14480 7.29510 6.90100 6.71820 h_stis_ngsl_bd442051_v2.fits -0.300000 0.115000stis_ngsl_v2/h_stis_ngsl_bd442051_v2.fits
14 0.00000 0.00000 0.00000 0.00000 0.00000 0.00000 0.00000 0.00000 0.00000 0.00000  0.00000 0.845000stis_ngsl_v2/h_stis_ngsl_bd511696_v2.fits
15 0.00000 0.00000 0.00000 0.00000 0.00000 0.00000 0.00000 0.00000 0.00000 0.00000  0.00000 0.695000stis_ngsl_v2/h_stis_ngsl_bd592723_v2.fits
16 0.00000 0.00000 0.00000 0.00000 0.00000 0.00000 0.00000 0.00000 0.00000 0.00000  0.00000 1.07000stis_ngsl_v2/h_stis_ngsl_bd660268_v2.fits
17 0.00000 0.00000 0.00000 0.00000 0.00000 0.00000 0.00000 0.00000 0.00000 0.00000  0.00000 0.620000stis_ngsl_v2/h_stis_ngsl_bd720094_v2.fits
18 0.00000 0.00000 0.00000 0.00000 0.00000 0.00000 0.00000 0.00000 0.00000 0.00000  0.00000 0.835000stis_ngsl_v2/h_stis_ngsl_cd-259286_v2.fits
19 0.00000 0.00000 0.00000 0.00000 0.00000 0.00000 0.00000 0.00000 0.00000 0.00000  0.00000 1.00000stis_ngsl_v2/h_stis_ngsl_cd-3018140_v2.fits
20 10.0846 9.58870 9.44390 9.37410 11.1153 10.0613 9.62380 9.46240 9.39320 9.36160 h_stis_ngsl_cd-621346_v2.fits -0.600000 0.560000stis_ngsl_v2/h_stis_ngsl_cd-621346_v2.fits
21 0.00000 0.00000 0.00000 0.00000 0.00000 0.00000 0.00000 0.00000 0.00000 0.00000  0.00000 0.850000stis_ngsl_v2/h_stis_ngsl_cd-691618_v2.fits
22 0.00000 0.00000 0.00000 0.00000 0.00000 0.00000 0.00000 0.00000 0.00000 0.00000  0.00000 0.640000stis_ngsl_v2/h_stis_ngsl_g019-013_v2.fits
23 0.00000 0.00000 0.00000 0.00000 0.00000 0.00000 0.00000 0.00000 0.00000 0.00000  0.00000 0.835000stis_ngsl_v2/h_stis_ngsl_g021-024_v2.fits
24 0.00000 0.00000 0.00000 0.00000 0.00000 0.00000 0.00000 0.00000 0.00000 0.00000  0.00000 0.765000stis_ngsl_v2/h_stis_ngsl_g029-023_v2.fits
25 0.00000 0.00000 0.00000 0.00000 0.00000 0.00000 0.00000 0.00000 0.00000 0.00000  0.00000 0.670000stis_ngsl_v2/h_stis_ngsl_g114-26_v2.fits
26 12.3128 12.0219 11.9806 12.0340 12.9643 12.2991 12.0395 11.9787 12.0035 12.0697 h_stis_ngsl_g115-58_v2.fits -1.60000 0.600000stis_ngsl_v2/h_stis_ngsl_g115-58_v2.fits
27 0.00000 0.00000 0.00000 0.00000 0.00000 0.00000 0.00000 0.00000 0.00000 0.00000  0.00000 0.695000stis_ngsl_v2/h_stis_ngsl_g12-21_v2.fits
28 9.79550 9.52520 9.46360 9.47140 10.4028 9.78270 9.54370 9.46800 9.46220 9.48160 h_stis_ngsl_g13-35_v2.fits -1.80000 0.345000stis_ngsl_v2/h_stis_ngsl_g13-35_v2.fits
29 0.00000 0.00000 0.00000 0.00000 0.00000 0.00000 0.00000 0.00000 0.00000 0.00000  0.00000 1.09500stis_ngsl_v2/h_stis_ngsl_g169-28_v2.fits
30 0.00000 0.00000 0.00000 0.00000 0.00000 0.00000 0.00000 0.00000 0.00000 0.00000  0.00000 0.820000stis_ngsl_v2/h_stis_ngsl_g17-25_v2.fits
31 10.5394 10.2336 10.1469 10.1467 11.2157 10.5252 10.2563 10.1531 10.1428 10.1515 h_stis_ngsl_g18-39_v2.fits -1.70000 0.500000stis_ngsl_v2/h_stis_ngsl_g18-39_v2.fits
32 0.00000 0.00000 0.00000 0.00000 0.00000 0.00000 0.00000 0.00000 0.00000 0.00000  0.00000 0.715000stis_ngsl_v2/h_stis_ngsl_g18-54_v2.fits
33 10.0212 9.72690 9.64180 9.64850 10.6824 10.0074 9.75020 9.64700 9.64150 9.65210 h_stis_ngsl_g180-24_v2.fits -1.50000 0.405000stis_ngsl_v2/h_stis_ngsl_g180-24_v2.fits
34 0.00000 0.00000 0.00000 0.00000 0.00000 0.00000 0.00000 0.00000 0.00000 0.00000  0.00000 0.895000stis_ngsl_v2/h_stis_ngsl_g187-40_v2.fits
35 0.00000 0.00000 0.00000 0.00000 0.00000 0.00000 0.00000 0.00000 0.00000 0.00000  0.00000 0.710000stis_ngsl_v2/h_stis_ngsl_g188-22_v2.fits
36 0.00000 0.00000 0.00000 0.00000 0.00000 0.00000 0.00000 0.00000 0.00000 0.00000  0.00000 1.00000stis_ngsl_v2/h_stis_ngsl_g188-30_v2.fits
37 0.00000 0.00000 0.00000 0.00000 0.00000 0.00000 0.00000 0.00000 0.00000 0.00000  0.00000 0.885000stis_ngsl_v2/h_stis_ngsl_g192-43_v2.fits
38 0.00000 0.00000 0.00000 0.00000 0.00000 0.00000 0.00000 0.00000 0.00000 0.00000  0.00000 0.970000stis_ngsl_v2/h_stis_ngsl_g194-22_v2.fits
39 0.00000 0.00000 0.00000 0.00000 0.00000 0.00000 0.00000 0.00000 0.00000 0.00000  0.00000 0.795000stis_ngsl_v2/h_stis_ngsl_g196-48_v2.fits
40 0.00000 0.00000 0.00000 0.00000 0.00000 0.00000 0.00000 0.00000 0.00000 0.00000  0.00000 0.810000stis_ngsl_v2/h_stis_ngsl_g20-15_v2.fits
41 0.00000 0.00000 0.00000 0.00000 0.00000 0.00000 0.00000 0.00000 0.00000 0.00000  0.00000 0.915000stis_ngsl_v2/h_stis_ngsl_g202-65_v2.fits
42 0.00000 0.00000 0.00000 0.00000 0.00000 0.00000 0.00000 0.00000 0.00000 0.00000  0.00000 0.995000stis_ngsl_v2/h_stis_ngsl_g231-52_v2.fits
43 0.00000 0.00000 0.00000 0.00000 0.00000 0.00000 0.00000 0.00000 0.00000 0.00000  0.00000 0.700000stis_ngsl_v2/h_stis_ngsl_g234-28_v2.fits
44 10.6280 10.2975 10.2014 10.1943 11.3000 10.6131 10.3225 10.2100 10.1915 10.1945 h_stis_ngsl_g24-3_v2.fits -1.80000 0.580000stis_ngsl_v2/h_stis_ngsl_g24-3_v2.fits
45 11.8967 11.1898 10.9460 10.8180 13.4180 11.8651 11.2450 10.9790 10.8584 10.7811 h_stis_ngsl_g243-62_v2.fits -1.70000 0.475000stis_ngsl_v2/h_stis_ngsl_g243-62_v2.fits
46 11.6077 10.9006 10.7081 10.6268 13.4130 11.5736 10.9500 10.7320 10.6473 10.6094 h_stis_ngsl_g260-36_v2.fits 0.100000 0.550000stis_ngsl_v2/h_stis_ngsl_g260-36_v2.fits
47 0.00000 0.00000 0.00000 0.00000 0.00000 0.00000 0.00000 0.00000 0.00000 0.00000  0.00000 0.670000stis_ngsl_v2/h_stis_ngsl_g262-14_v2.fits
48 0.00000 0.00000 0.00000 0.00000 0.00000 0.00000 0.00000 0.00000 0.00000 0.00000  0.00000 0.740000stis_ngsl_v2/h_stis_ngsl_g63-26_v2.fits
49 10.8398 10.5521 10.4922 10.4989 11.4930 10.8260 10.5715 10.4943 10.4942 10.5099 h_stis_ngsl_g88-27_v2.fits -1.60000 0.405000stis_ngsl_v2/h_stis_ngsl_g88-27_v2.fits
50 0.00000 0.00000 0.00000 0.00000 0.00000 0.00000 0.00000 0.00000 0.00000 0.00000  0.00000 0.710000stis_ngsl_v2/h_stis_ngsl_gj825_v2.fits
51 0.00000 0.00000 0.00000 0.00000 0.00000 0.00000 0.00000 0.00000 0.00000 0.00000  0.00000 0.735000stis_ngsl_v2/h_stis_ngsl_gl109_v2.fits
52 0.00000 0.00000 0.00000 0.00000 0.00000 0.00000 0.00000 0.00000 0.00000 0.00000  0.00000 0.800000stis_ngsl_v2/h_stis_ngsl_gl15b_v2.fits
53 5.87150 6.00820 6.15760 6.23850 6.46670 5.86940 5.98230 6.12610 6.22810 6.26070 h_stis_ngsl_hd000319_v2.fits -0.400000 0.350000stis_ngsl_v2/h_stis_ngsl_hd000319_v2.fits
54 1.90010 2.25440 2.53140 2.71220 2.03750 1.90730 2.20680 2.47930 2.66280 2.77670 h_stis_ngsl_hd000358_v2.fits 9.90000 0.0700000stis_ngsl_v2/h_stis_ngsl_hd000358_v2.fits
55 2.59940 3.07890 3.42300 3.68170 2.44840 2.61170 3.01880 3.36070 3.60120 3.76990 h_stis_ngsl_hd000886_v2.fits 9.90000 0.255000stis_ngsl_v2/h_stis_ngsl_hd000886_v2.fits
56 6.69250 6.24850 6.15980 6.13530 7.92510 6.66910 6.27590 6.16740 6.14070 6.12840 h_stis_ngsl_hd001461_v2.fits 0.300000 0.120000stis_ngsl_v2/h_stis_ngsl_hd001461_v2.fits
57 0.00000 0.00000 0.00000 0.00000 0.00000 0.00000 0.00000 0.00000 0.00000 0.00000  0.00000 0.835000stis_ngsl_v2/h_stis_ngsl_hd002665_v2.fits
58 0.00000 0.00000 0.00000 0.00000 0.00000 0.00000 0.00000 0.00000 0.00000 0.00000  0.00000 1.09000stis_ngsl_v2/h_stis_ngsl_hd002857_v2.fits
59 3.44040 3.90430 4.23220 4.47720 3.32050 3.45200 3.84700 4.17260 4.40060 4.56080 h_stis_ngsl_hd003360_v2.fits 9.90000 0.215000stis_ngsl_v2/h_stis_ngsl_hd003360_v2.fits
60 0.00000 0.00000 0.00000 0.00000 0.00000 0.00000 0.00000 0.00000 0.00000 0.00000  0.00000 1.16500stis_ngsl_v2/h_stis_ngsl_hd003712_v2.fits
61 0.00000 0.00000 0.00000 0.00000 0.00000 0.00000 0.00000 0.00000 0.00000 0.00000  0.00000 0.980000stis_ngsl_v2/h_stis_ngsl_hd004128_v2.fits
62 0.00000 0.00000 0.00000 0.00000 0.00000 0.00000 0.00000 0.00000 0.00000 0.00000  0.00000 0.615000stis_ngsl_v2/h_stis_ngsl_hd004727_v2.fits
63 0.00000 0.00000 0.00000 0.00000 0.00000 0.00000 0.00000 0.00000 0.00000 0.00000  0.00000 0.710000stis_ngsl_v2/h_stis_ngsl_hd004813_v2.fits
64 9.02270 8.48100 8.33510 8.26550 10.2870 8.99660 8.51860 8.35270 8.28740 8.24670 h_stis_ngsl_hd005256_v2.fits -0.600000 0.510000stis_ngsl_v2/h_stis_ngsl_hd005256_v2.fits
65 4.98330 4.27300 4.05320 3.93650 6.72580 4.95010 4.32540 4.08260 3.96900 3.91040 h_stis_ngsl_hd005395_v2.fits -0.500000 0.0700000stis_ngsl_v2/h_stis_ngsl_hd005395_v2.fits
66 8.08460 7.21360 6.94280 6.78390 10.2851 8.04500 7.27700 6.98000 6.82930 6.75090 h_stis_ngsl_hd005544_v2.fits -0.500000 0.330000stis_ngsl_v2/h_stis_ngsl_hd005544_v2.fits
67 7.20980 6.54160 6.33020 6.22730 8.71410 7.17940 6.59190 6.35840 6.25500 6.20210 h_stis_ngsl_hd005916_v2.fits -0.600000 0.260000stis_ngsl_v2/h_stis_ngsl_hd005916_v2.fits
68 8.87470 8.32690 8.13770 8.04310 10.0194 8.85010 8.36990 8.16290 8.07070 8.01790 h_stis_ngsl_hd006229_v2.fits -0.600000 0.0550000stis_ngsl_v2/h_stis_ngsl_hd006229_v2.fits
69 0.00000 0.00000 0.00000 0.00000 0.00000 0.00000 0.00000 0.00000 0.00000 0.00000  0.00000 0.745000stis_ngsl_v2/h_stis_ngsl_hd006734_v2.fits
70 0.00000 0.00000 0.00000 0.00000 0.00000 0.00000 0.00000 0.00000 0.00000 0.00000  0.00000 0.745000stis_ngsl_v2/h_stis_ngsl_hd006755_v2.fits
71 0.00000 0.00000 0.00000 0.00000 0.00000 0.00000 0.00000 0.00000 0.00000 0.00000  0.00000 0.700000stis_ngsl_v2/h_stis_ngsl_hd008491_v2.fits
72 0.00000 0.00000 0.00000 0.00000 0.00000 0.00000 0.00000 0.00000 0.00000 0.00000  0.00000 0.895000stis_ngsl_v2/h_stis_ngsl_hd008724_v2.fits
73 0.00000 0.00000 0.00000 0.00000 0.00000 0.00000 0.00000 0.00000 0.00000 0.00000  0.00000 0.815000stis_ngsl_v2/h_stis_ngsl_hd008890_v2.fits
74 0.00000 0.00000 0.00000 0.00000 0.00000 0.00000 0.00000 0.00000 0.00000 0.00000  0.00000 0.850000stis_ngsl_v2/h_stis_ngsl_hd009051_v2.fits
75 0.00000 0.00000 0.00000 0.00000 0.00000 0.00000 0.00000 0.00000 0.00000 0.00000  0.00000 0.765000stis_ngsl_v2/h_stis_ngsl_hd010380_v2.fits
76 5.91960 5.34160 5.19650 5.14350 7.38600 5.89140 5.38130 5.21310 5.15660 5.12780 h_stis_ngsl_hd010780_v2.fits 0.100000 0.340000stis_ngsl_v2/h_stis_ngsl_hd010780_v2.fits
77 0.00000 0.00000 0.00000 0.00000 0.00000 0.00000 0.00000 0.00000 0.00000 0.00000  0.00000 0.955000stis_ngsl_v2/h_stis_ngsl_hd012533_v2.fits
78 0.00000 0.00000 0.00000 0.00000 0.00000 0.00000 0.00000 0.00000 0.00000 0.00000  0.00000 0.800000stis_ngsl_v2/h_stis_ngsl_hd013520_v2.fits
79 0.00000 0.00000 0.00000 0.00000 0.00000 0.00000 0.00000 0.00000 0.00000 0.00000  0.00000 0.810000stis_ngsl_v2/h_stis_ngsl_hd015089_v2.fits
80 9.90270 9.63710 9.56750 9.57470 10.5040 9.89030 9.65750 9.57200 9.56320 9.58670 h_stis_ngsl_hd016031_v2.fits -1.80000 0.230000stis_ngsl_v2/h_stis_ngsl_hd016031_v2.fits
81 6.82760 6.34520 6.18770 6.13030 7.81450 6.80640 6.38340 6.20710 6.14320 6.11810 h_stis_ngsl_hd017072_v2.fits -0.600000 0.500000stis_ngsl_v2/h_stis_ngsl_hd017072_v2.fits
82 4.04850 4.42860 4.71200 4.87860 4.15360 4.05680 4.37950 4.65940 4.83550 4.94240 h_stis_ngsl_hd017081_v2.fits -0.500000 0.0100000stis_ngsl_v2/h_stis_ngsl_hd017081_v2.fits
83 4.95600 4.10140 3.85990 3.73060 7.12670 4.91690 4.16110 3.89130 3.76590 3.70360 h_stis_ngsl_hd017361_v2.fits -0.100000 0.445000stis_ngsl_v2/h_stis_ngsl_hd017361_v2.fits
84 0.00000 0.00000 0.00000 0.00000 0.00000 0.00000 0.00000 0.00000 0.00000 0.00000  0.00000 0.785000stis_ngsl_v2/h_stis_ngsl_hd017925_v2.fits
85 8.26090 8.23370 8.34640 8.36900 8.89500 8.25490 8.22110 8.32080 8.37810 8.38380 h_stis_ngsl_hd018078_v2.fits 0.500000 0.195000stis_ngsl_v2/h_stis_ngsl_hd018078_v2.fits
86 5.86230 5.97710 6.14320 6.25250 6.50550 5.85890 5.95180 6.10670 6.23190 6.28510 h_stis_ngsl_hd018769_v2.fits 0.500000 0.515000stis_ngsl_v2/h_stis_ngsl_hd018769_v2.fits
87 0.00000 0.00000 0.00000 0.00000 0.00000 0.00000 0.00000 0.00000 0.00000 0.00000  0.00000 1.08000stis_ngsl_v2/h_stis_ngsl_hd018907_v2.fits
88 0.00000 0.00000 0.00000 0.00000 0.00000 0.00000 0.00000 0.00000 0.00000 0.00000  0.00000 0.615000stis_ngsl_v2/h_stis_ngsl_hd019019_v2.fits
89 0.00000 0.00000 0.00000 0.00000 0.00000 0.00000 0.00000 0.00000 0.00000 0.00000  0.00000 0.795000stis_ngsl_v2/h_stis_ngsl_hd019308_v2.fits
90 8.17840 7.87700 7.79780 7.80190 8.79560 8.16440 7.89870 7.80300 7.79560 7.80700 h_stis_ngsl_hd019445_v2.fits -1.90000 0.545000stis_ngsl_v2/h_stis_ngsl_hd019445_v2.fits
91 0.00000 0.00000 0.00000 0.00000 0.00000 0.00000 0.00000 0.00000 0.00000 0.00000  0.00000 0.905000stis_ngsl_v2/h_stis_ngsl_hd019656_v2.fits
92 4.73830 3.96670 3.76240 3.66450 6.73340 4.70210 4.01960 3.78780 3.68680 3.65210 h_stis_ngsl_hd019787_v2.fits -0.100000 0.575000stis_ngsl_v2/h_stis_ngsl_hd019787_v2.fits
93 9.16440 8.61530 8.44140 8.36820 10.3771 9.13870 8.65710 8.46280 8.38710 8.35220 h_stis_ngsl_hd020039_v2.fits -0.600000 0.0800000stis_ngsl_v2/h_stis_ngsl_hd020039_v2.fits
94 5.09040 4.62990 4.52130 4.49830 6.26740 5.06730 4.66120 4.53180 4.50180 4.49010 h_stis_ngsl_hd020630_v2.fits 0.00000 0.375000stis_ngsl_v2/h_stis_ngsl_hd020630_v2.fits
95 0.00000 0.00000 0.00000 0.00000 0.00000 0.00000 0.00000 0.00000 0.00000 0.00000  0.00000 0.830000stis_ngsl_v2/h_stis_ngsl_hd021742_v2.fits
96 0.00000 0.00000 0.00000 0.00000 0.00000 0.00000 0.00000 0.00000 0.00000 0.00000  0.00000 0.660000stis_ngsl_v2/h_stis_ngsl_hd022049_v2.fits
97 4.45790 4.12440 4.05490 4.04960 5.43060 4.43920 4.14510 4.05940 4.04820 4.05010 h_stis_ngsl_hd022484_v2.fits 0.100000 0.210000stis_ngsl_v2/h_stis_ngsl_hd022484_v2.fits
98 8.42800 7.84830 7.67290 7.60210 9.66130 8.40160 7.89130 7.69480 7.62100 7.58190 h_stis_ngsl_hd023439_v2.fits -0.600000 0.410000stis_ngsl_v2/h_stis_ngsl_hd023439_v2.fits
99 0.00000 0.00000 0.00000 0.00000 0.00000 0.00000 0.00000 0.00000 0.00000 0.00000  0.00000 0.765000stis_ngsl_v2/h_stis_ngsl_hd025329_v2.fits
100 7.52970 6.91570 6.77500 6.73920 9.01910 7.50030 6.95690 6.78960 6.74370 6.73450 h_stis_ngsl_hd025893_v2.fits 0.100000 0.590000stis_ngsl_v2/h_stis_ngsl_hd025893_v2.fits
101 0.00000 0.00000 0.00000 0.00000 0.00000 0.00000 0.00000 0.00000 0.00000 0.00000  0.00000 0.820000stis_ngsl_v2/h_stis_ngsl_hd025975_v2.fits
102 0.00000 0.00000 0.00000 0.00000 0.00000 0.00000 0.00000 0.00000 0.00000 0.00000  0.00000 0.745000stis_ngsl_v2/h_stis_ngsl_hd026297_v2.fits
103 0.00000 0.00000 0.00000 0.00000 0.00000 0.00000 0.00000 0.00000 0.00000 0.00000  0.00000 0.750000stis_ngsl_v2/h_stis_ngsl_hd026630_v2.fits
104 5.32450 5.67840 5.94650 6.09410 5.55570 5.33110 5.63070 5.89680 6.06170 6.14350 h_stis_ngsl_hd027295_v2.fits -0.400000 0.0800000stis_ngsl_v2/h_stis_ngsl_hd027295_v2.fits
105 8.20540 7.64090 7.49980 7.45830 9.61500 8.17770 7.68010 7.51460 7.46650 7.44840 h_stis_ngsl_hd028946_v2.fits -0.00000 0.585000stis_ngsl_v2/h_stis_ngsl_hd028946_v2.fits
106 0.00000 0.00000 0.00000 0.00000 0.00000 0.00000 0.00000 0.00000 0.00000 0.00000  0.00000 0.875000stis_ngsl_v2/h_stis_ngsl_hd028978_v2.fits
107 0.00000 0.00000 0.00000 0.00000 0.00000 0.00000 0.00000 0.00000 0.00000 0.00000  0.00000 0.690000stis_ngsl_v2/h_stis_ngsl_hd029391_v2.fits
108 8.95430 7.73650 7.24440 6.96510 11.1254 8.90870 7.84300 7.31830 7.05170 6.88730 h_stis_ngsl_hd029574_v2.fits -1.70000 0.420000stis_ngsl_v2/h_stis_ngsl_hd029574_v2.fits
109 4.18690 4.35230 4.53850 4.69670 4.14060 4.18990 4.32210 4.50390 4.64190 4.75530 h_stis_ngsl_hd030614_v2.fits 9.90000 0.225000stis_ngsl_v2/h_stis_ngsl_hd030614_v2.fits
110 0.00000 0.00000 0.00000 0.00000 0.00000 0.00000 0.00000 0.00000 0.00000 0.00000  0.00000 0.755000stis_ngsl_v2/h_stis_ngsl_hd030834_v2.fits
111 0.00000 0.00000 0.00000 0.00000 0.00000 0.00000 0.00000 0.00000 0.00000 0.00000  0.00000 0.890000stis_ngsl_v2/h_stis_ngsl_hd031219_v2.fits
112 4.55510 3.66110 3.36570 3.20740 6.83170 4.51430 3.72850 3.40660 3.25080 3.17340 h_stis_ngsl_hd031421_v2.fits -0.500000 0.450000stis_ngsl_v2/h_stis_ngsl_hd031421_v2.fits
113 9.57190 8.11480 7.34230 6.99760 11.9884 9.51750 8.23760 7.46450 7.08720 6.92250 h_stis_ngsl_hd033793_v2.fits 9.90000 0.0150000stis_ngsl_v2/h_stis_ngsl_hd033793_v2.fits
114 6.03490 5.92010 5.93760 5.99450 6.21580 6.02940 5.92000 5.92920 5.96940 6.02680 h_stis_ngsl_hd034078_v2.fits 9.90000 0.430000stis_ngsl_v2/h_stis_ngsl_hd034078_v2.fits
115 6.36770 6.71600 6.98570 7.15660 6.51770 6.37470 6.66940 6.93490 7.11260 7.21450 h_stis_ngsl_hd034797_v2.fits 0.00000 0.0450000stis_ngsl_v2/h_stis_ngsl_hd034797_v2.fits
116 4.04790 4.57280 4.94140 5.22620 3.81290 4.06080 4.50690 4.87490 5.13600 5.32090 h_stis_ngsl_hd034816_v2.fits 9.90000 0.370000stis_ngsl_v2/h_stis_ngsl_hd034816_v2.fits
117 0.00000 0.00000 0.00000 0.00000 0.00000 0.00000 0.00000 0.00000 0.00000 0.00000  0.00000 0.845000stis_ngsl_v2/h_stis_ngsl_hd036702_v2.fits
118 4.50780 5.01870 5.37830 5.65840 4.27810 4.52050 4.95470 5.31350 5.56910 5.75140 h_stis_ngsl_hd036960_v2.fits 9.90000 0.305000stis_ngsl_v2/h_stis_ngsl_hd036960_v2.fits
119 2.68980 3.09800 3.38830 3.56220 2.56590 2.70070 3.04640 3.34620 3.49900 3.63620 h_stis_ngsl_hd037202_v2.fits 9.90000 0.275000stis_ngsl_v2/h_stis_ngsl_hd037202_v2.fits
120 0.00000 0.00000 0.00000 0.00000 0.00000 0.00000 0.00000 0.00000 0.00000 0.00000  0.00000 0.930000stis_ngsl_v2/h_stis_ngsl_hd037216_v2.fits
121 5.63560 4.74590 4.49650 4.35590 7.89860 5.59480 4.80710 4.53040 4.39330 4.33040 h_stis_ngsl_hd037763_v2.fits 0.200000 0.325000stis_ngsl_v2/h_stis_ngsl_hd037763_v2.fits
122 7.34840 6.43340 6.07860 5.88440 9.27880 7.31020 6.51110 6.13080 5.93920 5.84000 h_stis_ngsl_hd037828_v2.fits -1.60000 0.0400000stis_ngsl_v2/h_stis_ngsl_hd037828_v2.fits
123 7.12490 7.22750 7.37640 7.45450 7.78030 7.12080 7.20330 7.34420 7.44610 7.47420 h_stis_ngsl_hd038237_v2.fits 0.100000 0.400000stis_ngsl_v2/h_stis_ngsl_hd038237_v2.fits
124 8.35990 8.02230 7.94210 7.93110 9.16540 8.34290 8.04440 7.94900 7.92860 7.93730 h_stis_ngsl_hd038510_v2.fits -0.800000 0.300000stis_ngsl_v2/h_stis_ngsl_hd038510_v2.fits
125 0.00000 0.00000 0.00000 0.00000 0.00000 0.00000 0.00000 0.00000 0.00000 0.00000  0.00000 0.735000stis_ngsl_v2/h_stis_ngsl_hd039587_v2.fits
126 0.00000 0.00000 0.00000 0.00000 0.00000 0.00000 0.00000 0.00000 0.00000 0.00000  0.00000 0.660000stis_ngsl_v2/h_stis_ngsl_hd039833_v2.fits
127 7.34770 7.62990 7.85930 7.98620 7.72450 7.35190 7.59020 7.81430 7.96370 8.02420 h_stis_ngsl_hd040573_v2.fits -0.400000 0.365000stis_ngsl_v2/h_stis_ngsl_hd040573_v2.fits
128 0.00000 0.00000 0.00000 0.00000 0.00000 0.00000 0.00000 0.00000 0.00000 0.00000  0.00000 0.635000stis_ngsl_v2/h_stis_ngsl_hd041357_v2.fits
129 7.58740 7.33190 7.32740 7.36370 8.42090 7.57270 7.34290 7.31970 7.35110 7.37510 h_stis_ngsl_hd041661_v2.fits -0.100000 0.560000stis_ngsl_v2/h_stis_ngsl_hd041661_v2.fits
130 0.00000 0.00000 0.00000 0.00000 0.00000 0.00000 0.00000 0.00000 0.00000 0.00000  0.00000 0.985000stis_ngsl_v2/h_stis_ngsl_hd041667_v2.fits
131 0.00000 0.00000 0.00000 0.00000 0.00000 0.00000 0.00000 0.00000 0.00000 0.00000  0.00000 0.855000stis_ngsl_v2/h_stis_ngsl_hd043042_v2.fits
132 0.00000 0.00000 0.00000 0.00000 0.00000 0.00000 0.00000 0.00000 0.00000 0.00000  0.00000 0.820000stis_ngsl_v2/h_stis_ngsl_hd044007_v2.fits
133 0.00000 0.00000 0.00000 0.00000 0.00000 0.00000 0.00000 0.00000 0.00000 0.00000  0.00000 0.845000stis_ngsl_v2/h_stis_ngsl_hd045282_v2.fits
134 9.24270 8.87010 8.75700 8.68830 10.0720 9.22690 8.89810 8.77080 8.70600 8.68540 h_stis_ngsl_hd046703_v2.fits -0.00000 0.480000stis_ngsl_v2/h_stis_ngsl_hd046703_v2.fits
135 0.00000 0.00000 0.00000 0.00000 0.00000 0.00000 0.00000 0.00000 0.00000 0.00000  0.00000 0.825000stis_ngsl_v2/h_stis_ngsl_hd047839_v2.fits
136 7.90960 7.97590 8.09750 8.21590 7.95520 7.90900 7.95490 8.07280 8.17220 8.26780 h_stis_ngsl_hd048279_v2.fits 9.90000 0.240000stis_ngsl_v2/h_stis_ngsl_hd048279_v2.fits
137 6.21280 6.10190 6.12930 6.14110 6.96020 6.20370 6.10310 6.11730 6.14490 6.14880 h_stis_ngsl_hd050420_v2.fits -0.00000 0.385000stis_ngsl_v2/h_stis_ngsl_hd050420_v2.fits
138 1.30940 1.76880 2.07060 2.33020 1.11920 1.32140 1.71500 2.01430 2.24050 2.42740 h_stis_ngsl_hd052089_v2.fits 9.90000 0.160000stis_ngsl_v2/h_stis_ngsl_hd052089_v2.fits
139 4.16960 3.56550 3.42830 3.37530 5.78900 4.13950 3.60540 3.43960 3.39250 3.35510 h_stis_ngsl_hd052973_v2.fits 9.90000 0.490000stis_ngsl_v2/h_stis_ngsl_hd052973_v2.fits
140 5.45800 5.39290 5.45930 5.50520 6.19090 5.44920 5.38660 5.44100 5.49890 5.51650 h_stis_ngsl_hd055057_v2.fits 0.200000 0.305000stis_ngsl_v2/h_stis_ngsl_hd055057_v2.fits
141 0.00000 0.00000 0.00000 0.00000 0.00000 0.00000 0.00000 0.00000 0.00000 0.00000  0.00000 0.875000stis_ngsl_v2/h_stis_ngsl_hd055496_v2.fits
142 5.09030 5.45510 5.73360 5.93930 4.90240 5.09950 5.40790 5.68510 5.87180 6.00470 h_stis_ngsl_hd057060_v2.fits 9.90000 0.245000stis_ngsl_v2/h_stis_ngsl_hd057060_v2.fits
143 0.00000 0.00000 0.00000 0.00000 0.00000 0.00000 0.00000 0.00000 0.00000 0.00000  0.00000 0.00000stis_ngsl_v2/h_stis_ngsl_hd057061_v2.fits
144 0.00000 0.00000 0.00000 0.00000 0.00000 0.00000 0.00000 0.00000 0.00000 0.00000  0.00000 0.735000stis_ngsl_v2/h_stis_ngsl_hd057727_v2.fits
145 0.00000 0.00000 0.00000 0.00000 0.00000 0.00000 0.00000 0.00000 0.00000 0.00000  0.00000 0.835000stis_ngsl_v2/h_stis_ngsl_hd058343_v2.fits
146 6.66620 6.39620 6.35140 6.36480 7.42860 6.65140 6.41210 6.35210 6.35550 6.37530 h_stis_ngsl_hd058551_v2.fits -0.400000 0.0950000stis_ngsl_v2/h_stis_ngsl_hd058551_v2.fits
147 4.88010 4.87150 4.93300 4.82600 5.42250 4.87550 4.86180 4.92530 4.86190 4.85360 h_stis_ngsl_hd059612_v2.fits 9.90000 0.110000stis_ngsl_v2/h_stis_ngsl_hd059612_v2.fits
148 9.07820 8.74950 8.67730 8.66600 9.87010 9.06140 8.77070 8.68190 8.66840 8.66400 h_stis_ngsl_hd060319_v2.fits -0.900000 0.405000stis_ngsl_v2/h_stis_ngsl_hd060319_v2.fits
149 0.00000 0.00000 0.00000 0.00000 0.00000 0.00000 0.00000 0.00000 0.00000 0.00000  0.00000 0.650000stis_ngsl_v2/h_stis_ngsl_hd061064_v2.fits
150 6.58210 5.28750 4.76170 4.47390 9.79250 6.52840 5.39240 4.83380 4.55440 4.41370 h_stis_ngsl_hd061603_v2.fits -0.300000 0.305000stis_ngsl_v2/h_stis_ngsl_hd061603_v2.fits
151 6.00470 5.28010 5.07770 4.97470 7.85700 5.97030 5.33110 5.10350 5.00280 4.95130 h_stis_ngsl_hd062412_v2.fits -0.100000 0.425000stis_ngsl_v2/h_stis_ngsl_hd062412_v2.fits
152 5.55430 5.21460 5.12860 5.11480 6.39650 5.53650 5.23720 5.13600 5.11540 5.11680 h_stis_ngsl_hd063077_v2.fits -0.700000 0.420000stis_ngsl_v2/h_stis_ngsl_hd063077_v2.fits
153 3.81140 2.90000 2.65830 2.52860 6.13280 3.76930 2.96260 2.68570 2.56370 2.50520 h_stis_ngsl_hd063700_v2.fits -0.500000 0.365000stis_ngsl_v2/h_stis_ngsl_hd063700_v2.fits
154 0.00000 0.00000 0.00000 0.00000 0.00000 0.00000 0.00000 0.00000 0.00000 0.00000  0.00000 0.640000stis_ngsl_v2/h_stis_ngsl_hd063791_v2.fits
155 8.94610 8.56300 8.46730 8.44840 9.84870 8.92700 8.58890 8.47590 8.45150 8.44750 h_stis_ngsl_hd064412_v2.fits -0.600000 0.275000stis_ngsl_v2/h_stis_ngsl_hd064412_v2.fits
156 0.00000 0.00000 0.00000 0.00000 0.00000 0.00000 0.00000 0.00000 0.00000 0.00000  0.00000 0.935000stis_ngsl_v2/h_stis_ngsl_hd065228_v2.fits
157 7.52020 6.18810 5.71250 5.41160 10.6586 7.46560 6.29020 5.78180 5.50140 5.34350 h_stis_ngsl_hd065354_v2.fits -0.600000 0.0850000stis_ngsl_v2/h_stis_ngsl_hd065354_v2.fits
158 6.26030 5.51900 5.32460 5.22900 8.22650 6.22510 5.56980 5.34750 5.24940 5.22130 h_stis_ngsl_hd065714_v2.fits 0.00000 0.505000stis_ngsl_v2/h_stis_ngsl_hd065714_v2.fits
159 9.60380 9.48270 9.51630 9.54780 10.3633 9.59320 9.48230 9.50360 9.54300 9.56040 h_stis_ngsl_hd067390_v2.fits -0.200000 0.360000stis_ngsl_v2/h_stis_ngsl_hd067390_v2.fits
160 0.00000 0.00000 0.00000 0.00000 0.00000 0.00000 0.00000 0.00000 0.00000 0.00000  0.00000 0.655000stis_ngsl_v2/h_stis_ngsl_hd068988_v2.fits
161 8.60250 7.37070 6.92590 6.66200 11.6447 8.55060 7.46520 6.99000 6.73800 6.60480 h_stis_ngsl_hd071160_v2.fits -0.500000 0.0950000stis_ngsl_v2/h_stis_ngsl_hd071160_v2.fits
162 6.32420 5.47140 5.23600 5.09890 8.54020 6.28440 5.52960 5.26700 5.13600 5.07700 h_stis_ngsl_hd072184_v2.fits 0.100000 0.320000stis_ngsl_v2/h_stis_ngsl_hd072184_v2.fits
163 6.74270 5.98810 5.77310 5.66170 8.72200 6.70710 6.04120 5.80050 5.68750 5.65050 h_stis_ngsl_hd072324_v2.fits -0.100000 0.195000stis_ngsl_v2/h_stis_ngsl_hd072324_v2.fits
164 6.72660 5.81220 5.55330 5.40150 9.11570 6.68450 5.87510 5.58770 5.44110 5.38000 h_stis_ngsl_hd072505_v2.fits 0.100000 0.295000stis_ngsl_v2/h_stis_ngsl_hd072505_v2.fits
165 5.59900 5.86390 6.08550 6.20460 6.00620 5.60260 5.82790 6.04200 6.18060 6.24940 h_stis_ngsl_hd072968_v2.fits 0.500000 0.170000stis_ngsl_v2/h_stis_ngsl_hd072968_v2.fits
166 6.82150 6.07150 5.87490 5.76730 8.79480 6.78560 6.12180 5.89990 5.79320 5.75340 h_stis_ngsl_hd073710_v2.fits 0.100000 0.315000stis_ngsl_v2/h_stis_ngsl_hd073710_v2.fits
167 7.43470 6.02440 5.45300 5.11180 10.6737 7.37890 6.14110 5.53860 5.21690 5.02070 h_stis_ngsl_hd074088_v2.fits -1.10000 0.415000stis_ngsl_v2/h_stis_ngsl_hd074088_v2.fits
168 8.58320 8.81030 9.01080 9.06940 9.04920 8.58530 8.77560 8.97250 9.07040 9.09850 h_stis_ngsl_hd074721_v2.fits -0.600000 0.350000stis_ngsl_v2/h_stis_ngsl_hd074721_v2.fits
169 6.16870 5.30380 5.04100 4.89760 8.33660 6.12930 5.36610 5.07690 4.93610 4.87120 h_stis_ngsl_hd076291_v2.fits -0.200000 0.250000stis_ngsl_v2/h_stis_ngsl_hd076291_v2.fits
170 5.95620 5.62890 5.54770 5.53230 6.75660 5.93920 5.65030 5.55500 5.53300 5.53520 h_stis_ngsl_hd076932_v2.fits -0.700000 0.380000stis_ngsl_v2/h_stis_ngsl_hd076932_v2.fits
171 5.07990 5.44260 5.72180 5.88840 5.20030 5.08710 5.39350 5.67050 5.84490 5.94960 h_stis_ngsl_hd078316_v2.fits -0.100000 0.200000stis_ngsl_v2/h_stis_ngsl_hd078316_v2.fits
172 0.00000 0.00000 0.00000 0.00000 0.00000 0.00000 0.00000 0.00000 0.00000 0.00000  0.00000 0.615000stis_ngsl_v2/h_stis_ngsl_hd078362_v2.fits
173 7.67880 6.73570 6.46960 6.31110 10.1307 7.63570 6.80020 6.50520 6.35170 6.29120 h_stis_ngsl_hd078479_v2.fits 0.100000 0.330000stis_ngsl_v2/h_stis_ngsl_hd078479_v2.fits
174 0.00000 0.00000 0.00000 0.00000 0.00000 0.00000 0.00000 0.00000 0.00000 0.00000  0.00000 0.720000stis_ngsl_v2/h_stis_ngsl_hd079158_v2.fits
175 9.17580 7.83200 7.23290 6.90920 12.3416 9.12210 7.94710 7.31880 7.00330 6.82740 h_stis_ngsl_hd079349_v2.fits -0.100000 0.170000stis_ngsl_v2/h_stis_ngsl_hd079349_v2.fits
176 0.00000 0.00000 0.00000 0.00000 0.00000 0.00000 0.00000 0.00000 0.00000 0.00000  0.00000 0.675000stis_ngsl_v2/h_stis_ngsl_hd079469_v2.fits
177 0.00000 0.00000 0.00000 0.00000 0.00000 0.00000 0.00000 0.00000 0.00000 0.00000  0.00000 0.720000stis_ngsl_v2/h_stis_ngsl_hd080607_v2.fits
178 0.00000 0.00000 0.00000 0.00000 0.00000 0.00000 0.00000 0.00000 0.00000 0.00000  0.00000 1.03000stis_ngsl_v2/h_stis_ngsl_hd081797_v2.fits
179 0.00000 0.00000 0.00000 0.00000 0.00000 0.00000 0.00000 0.00000 0.00000 0.00000  0.00000 0.755000stis_ngsl_v2/h_stis_ngsl_hd082395_v2.fits
180 5.39080 4.65000 4.46500 4.36480 7.36390 5.35520 4.69900 4.48730 4.38940 4.35070 h_stis_ngsl_hd082734_v2.fits 0.200000 0.335000stis_ngsl_v2/h_stis_ngsl_hd082734_v2.fits
181 0.00000 0.00000 0.00000 0.00000 0.00000 0.00000 0.00000 0.00000 0.00000 0.00000  0.00000 0.795000stis_ngsl_v2/h_stis_ngsl_hd083212_v2.fits
182 6.61220 6.24950 6.18580 6.20050 7.61750 6.59300 6.27190 6.18820 6.19060 6.20700 h_stis_ngsl_hd085380_v2.fits 0.200000 0.555000stis_ngsl_v2/h_stis_ngsl_hd085380_v2.fits
183 7.29960 6.51100 6.28030 6.16140 9.27530 7.26330 6.56820 6.30940 6.19400 6.13500 h_stis_ngsl_hd086322_v2.fits -0.300000 0.500000stis_ngsl_v2/h_stis_ngsl_hd086322_v2.fits
184 7.93460 8.05360 8.18020 8.21480 8.46930 7.93380 8.03240 8.15380 8.21740 8.23550 h_stis_ngsl_hd086986_v2.fits -1.20000 0.320000stis_ngsl_v2/h_stis_ngsl_hd086986_v2.fits
185 9.25910 8.71200 8.50890 8.43470 10.2263 9.23620 8.75840 8.53570 8.45060 8.41870 h_stis_ngsl_hd087140_v2.fits -2.00000 0.455000stis_ngsl_v2/h_stis_ngsl_hd087140_v2.fits
186 3.35860 3.61030 3.82610 3.88190 3.53400 3.36340 3.57390 3.78910 3.86710 3.94410 h_stis_ngsl_hd087737_v2.fits 9.90000 0.235000stis_ngsl_v2/h_stis_ngsl_hd087737_v2.fits
187 0.00000 0.00000 0.00000 0.00000 0.00000 0.00000 0.00000 0.00000 0.00000 0.00000  0.00000 0.825000stis_ngsl_v2/h_stis_ngsl_hd090862_v2.fits
188 3.64460 4.02940 4.32350 4.56390 3.48120 3.65380 3.97930 4.26880 4.48320 4.65100 h_stis_ngsl_hd091316_v2.fits 9.90000 0.600000stis_ngsl_v2/h_stis_ngsl_hd091316_v2.fits
189 8.68820 8.86400 9.02860 9.06260 9.19150 8.68890 8.83550 8.99750 9.06660 9.09030 h_stis_ngsl_hd093329_v2.fits -0.600000 0.0500000stis_ngsl_v2/h_stis_ngsl_hd093329_v2.fits
190 0.00000 0.00000 0.00000 0.00000 0.00000 0.00000 0.00000 0.00000 0.00000 0.00000  0.00000 0.740000stis_ngsl_v2/h_stis_ngsl_hd093813_v2.fits
191 0.00000 0.00000 0.00000 0.00000 0.00000 0.00000 0.00000 0.00000 0.00000 0.00000  0.00000 0.605000stis_ngsl_v2/h_stis_ngsl_hd094028_v2.fits
192 6.20900 5.83360 5.74240 5.73210 7.15570 6.18990 5.85940 5.75010 5.73090 5.73070 h_stis_ngsl_hd095241_v2.fits -0.100000 0.285000stis_ngsl_v2/h_stis_ngsl_hd095241_v2.fits
193 2.28300 2.51830 2.73670 2.86740 2.68870 2.28690 2.48370 2.69200 2.83850 2.91950 h_stis_ngsl_hd095418_v2.fits 9.90000 0.315000stis_ngsl_v2/h_stis_ngsl_hd095418_v2.fits
194 0.00000 0.00000 0.00000 0.00000 0.00000 0.00000 0.00000 0.00000 0.00000 0.00000  0.00000 0.640000stis_ngsl_v2/h_stis_ngsl_hd095735_v2.fits
195 6.43280 5.48830 5.21520 5.05700 8.89230 6.38980 5.55400 5.25160 5.10080 5.02660 h_stis_ngsl_hd095849_v2.fits -0.00000 0.415000stis_ngsl_v2/h_stis_ngsl_hd095849_v2.fits
196 6.49360 6.88640 7.17740 7.40960 6.40470 6.50210 6.83510 7.12340 7.33560 7.48630 h_stis_ngsl_hd096446_v2.fits 9.90000 0.215000stis_ngsl_v2/h_stis_ngsl_hd096446_v2.fits
197 3.18490 3.45860 3.67750 3.76670 3.61460 3.18860 3.42030 3.63550 3.75630 3.80320 h_stis_ngsl_hd097633_v2.fits -0.200000 0.155000stis_ngsl_v2/h_stis_ngsl_hd097633_v2.fits
198 0.00000 0.00000 0.00000 0.00000 0.00000 0.00000 0.00000 0.00000 0.00000 0.00000  0.00000 0.800000stis_ngsl_v2/h_stis_ngsl_hd099648_v2.fits
199 6.51150 5.76450 5.57310 5.45990 8.42490 6.47490 5.81250 5.59790 5.48800 5.44780 h_stis_ngsl_hd101013_v2.fits -0.00000 0.335000stis_ngsl_v2/h_stis_ngsl_hd101013_v2.fits
200 5.68390 5.55240 5.59330 5.67070 6.38850 5.67360 5.55310 5.57750 5.64420 5.69800 h_stis_ngsl_hd101107_v2.fits -0.100000 0.200000stis_ngsl_v2/h_stis_ngsl_hd101107_v2.fits
201 0.00000 0.00000 0.00000 0.00000 0.00000 0.00000 0.00000 0.00000 0.00000 0.00000  0.00000 0.810000stis_ngsl_v2/h_stis_ngsl_hd102212_v2.fits
202 8.90410 7.52010 6.87780 6.54370 12.1793 8.84930 7.64190 6.96890 6.63890 6.46410 h_stis_ngsl_hd102780_v2.fits -0.600000 0.180000stis_ngsl_v2/h_stis_ngsl_hd102780_v2.fits
203 0.00000 0.00000 0.00000 0.00000 0.00000 0.00000 0.00000 0.00000 0.00000 0.00000  0.00000 0.935000stis_ngsl_v2/h_stis_ngsl_hd103036_v2.fits
204 4.05160 3.95710 4.00460 4.05570 4.73720 4.04180 3.95390 3.98970 4.04420 4.06920 h_stis_ngsl_hd105452_v2.fits -0.200000 0.470000stis_ngsl_v2/h_stis_ngsl_hd105452_v2.fits
205 0.00000 0.00000 0.00000 0.00000 0.00000 0.00000 0.00000 0.00000 0.00000 0.00000  0.00000 0.830000stis_ngsl_v2/h_stis_ngsl_hd105546_v2.fits
206 8.80780 8.04540 7.78530 7.64530 10.5139 8.77420 8.10490 7.82170 7.68710 7.60530 h_stis_ngsl_hd105740_v2.fits -0.700000 0.285000stis_ngsl_v2/h_stis_ngsl_hd105740_v2.fits
207 8.94230 9.18580 9.39550 9.45970 9.34380 8.94520 9.14900 9.35590 9.45690 9.49480 h_stis_ngsl_hd106304_v2.fits -1.80000 0.325000stis_ngsl_v2/h_stis_ngsl_hd106304_v2.fits
208 6.24630 5.97040 5.91320 5.93260 6.96250 6.23220 5.98860 5.91460 5.92150 5.94100 h_stis_ngsl_hd106516_v2.fits -0.700000 0.355000stis_ngsl_v2/h_stis_ngsl_hd106516_v2.fits
209 0.00000 0.00000 0.00000 0.00000 0.00000 0.00000 0.00000 0.00000 0.00000 0.00000  0.00000 0.675000stis_ngsl_v2/h_stis_ngsl_hd107582_v2.fits
210 0.00000 0.00000 0.00000 0.00000 0.00000 0.00000 0.00000 0.00000 0.00000 0.00000  0.00000 0.865000stis_ngsl_v2/h_stis_ngsl_hd108945_v2.fits
211 3.64520 3.92770 4.13010 4.33260 3.67430 3.65260 3.89270 4.09540 4.25870 4.39560 h_stis_ngsl_hd109387_v2.fits 9.90000 0.600000stis_ngsl_v2/h_stis_ngsl_hd109387_v2.fits
212 7.48690 7.69000 7.85600 7.90240 7.98530 7.48810 7.66030 7.82260 7.90620 7.92470 h_stis_ngsl_hd109995_v2.fits -1.60000 0.0200000stis_ngsl_v2/h_stis_ngsl_hd109995_v2.fits
213 0.00000 0.00000 0.00000 0.00000 0.00000 0.00000 0.00000 0.00000 0.00000 0.00000  0.00000 0.720000stis_ngsl_v2/h_stis_ngsl_hd110073_v2.fits
214 0.00000 0.00000 0.00000 0.00000 0.00000 0.00000 0.00000 0.00000 0.00000 0.00000  0.00000 0.785000stis_ngsl_v2/h_stis_ngsl_hd110885_v2.fits
215 7.19120 6.01670 5.59640 5.33270 9.98900 7.14190 6.10800 5.65840 5.41340 5.26840 h_stis_ngsl_hd111464_v2.fits -0.600000 0.0700000stis_ngsl_v2/h_stis_ngsl_hd111464_v2.fits
216 8.35820 7.88100 7.74910 7.70090 9.51710 8.33420 7.91420 7.76380 7.71350 7.68970 h_stis_ngsl_hd111515_v2.fits -0.300000 0.360000stis_ngsl_v2/h_stis_ngsl_hd111515_v2.fits
217 0.00000 0.00000 0.00000 0.00000 0.00000 0.00000 0.00000 0.00000 0.00000 0.00000  0.00000 0.815000stis_ngsl_v2/h_stis_ngsl_hd111721_v2.fits
218 6.14340 6.13420 6.19260 6.25730 6.73530 6.13810 6.12710 6.17570 6.24100 6.27620 h_stis_ngsl_hd111786_v2.fits -1.30000 0.465000stis_ngsl_v2/h_stis_ngsl_hd111786_v2.fits
219 2.74320 3.08920 3.36040 3.52580 2.92190 2.75030 3.04350 3.30870 3.48560 3.57960 h_stis_ngsl_hd112413_v2.fits 0.500000 0.355000stis_ngsl_v2/h_stis_ngsl_hd112413_v2.fits
220 9.01180 8.45830 8.28090 8.19780 10.2004 8.98670 8.50090 8.30390 8.22130 8.17410 h_stis_ngsl_hd113002_v2.fits -0.600000 0.255000stis_ngsl_v2/h_stis_ngsl_hd113002_v2.fits
221 5.90640 4.86030 4.49420 4.27590 8.40780 5.86130 4.94110 4.54810 4.34330 4.21500 h_stis_ngsl_hd113092_v2.fits -0.600000 0.350000stis_ngsl_v2/h_stis_ngsl_hd113092_v2.fits
222 0.00000 0.00000 0.00000 0.00000 0.00000 0.00000 0.00000 0.00000 0.00000 0.00000  0.00000 0.700000stis_ngsl_v2/h_stis_ngsl_hd114330_v2.fits
223 4.42480 4.05620 3.98740 3.99550 5.41380 4.40540 4.07970 3.99030 3.98920 3.99770 h_stis_ngsl_hd114710_v2.fits 0.200000 0.555000stis_ngsl_v2/h_stis_ngsl_hd114710_v2.fits
224 4.99070 4.48170 4.36760 4.34760 6.25160 4.96580 4.51580 4.37810 4.34880 4.34420 h_stis_ngsl_hd115617_v2.fits 0.00000 0.560000stis_ngsl_v2/h_stis_ngsl_hd115617_v2.fits
225 0.00000 0.00000 0.00000 0.00000 0.00000 0.00000 0.00000 0.00000 0.00000 0.00000  0.00000 0.905000stis_ngsl_v2/h_stis_ngsl_hd117880_v2.fits
226 0.00000 0.00000 0.00000 0.00000 0.00000 0.00000 0.00000 0.00000 0.00000 0.00000  0.00000 0.610000stis_ngsl_v2/h_stis_ngsl_hd118055_v2.fits
227 0.00000 0.00000 0.00000 0.00000 0.00000 0.00000 0.00000 0.00000 0.00000 0.00000  0.00000 0.705000stis_ngsl_v2/h_stis_ngsl_hd119971_v2.fits
228 6.86650 5.90960 5.61470 5.44570 9.23920 6.82390 5.97950 5.65480 5.49550 5.40500 h_stis_ngsl_hd121146_v2.fits -0.100000 0.350000stis_ngsl_v2/h_stis_ngsl_hd121146_v2.fits
229 0.00000 0.00000 0.00000 0.00000 0.00000 0.00000 0.00000 0.00000 0.00000 0.00000  0.00000 0.720000stis_ngsl_v2/h_stis_ngsl_hd122064_v2.fits
230 0.00000 0.00000 0.00000 0.00000 0.00000 0.00000 0.00000 0.00000 0.00000 0.00000  0.00000 0.800000stis_ngsl_v2/h_stis_ngsl_hd122956_v2.fits
231 5.74310 4.27460 2.86190 2.24100 8.65460 5.69960 4.51140 3.04730 2.40580 2.10140 h_stis_ngsl_hd123657_v2.fits 9.90000 0.235000stis_ngsl_v2/h_stis_ngsl_hd123657_v2.fits
232 6.65680 5.66500 5.38220 5.20690 9.22600 6.61210 5.73260 5.42130 5.25490 5.17490 h_stis_ngsl_hd124186_v2.fits 0.200000 0.210000stis_ngsl_v2/h_stis_ngsl_hd124186_v2.fits
233 6.03270 5.76440 5.73160 5.76470 6.87470 6.01730 5.77960 5.72790 5.75200 5.77400 h_stis_ngsl_hd124425_v2.fits -0.00000 0.410000stis_ngsl_v2/h_stis_ngsl_hd124425_v2.fits
234 0.00000 0.00000 0.00000 0.00000 0.00000 0.00000 0.00000 0.00000 0.00000 0.00000  0.00000 0.895000stis_ngsl_v2/h_stis_ngsl_hd124547_v2.fits
235 0.00000 0.00000 0.00000 0.00000 0.00000 0.00000 0.00000 0.00000 0.00000 0.00000  0.00000 0.720000stis_ngsl_v2/h_stis_ngsl_hd126327_v2.fits
236 8.63580 8.09780 7.97460 7.94670 10.0307 8.60920 8.13380 7.98630 7.95090 7.94080 h_stis_ngsl_hd126511_v2.fits 0.200000 0.405000stis_ngsl_v2/h_stis_ngsl_hd126511_v2.fits
237 9.09750 8.52590 8.41770 8.37770 10.6656 9.06860 8.56160 8.42710 8.38770 8.37090 h_stis_ngsl_hd126614_v2.fits 0.500000 0.345000stis_ngsl_v2/h_stis_ngsl_hd126614_v2.fits
238 5.38210 5.41950 5.54700 5.60480 6.10580 5.37530 5.40070 5.51860 5.60260 5.61860 h_stis_ngsl_hd126661_v2.fits 0.400000 0.415000stis_ngsl_v2/h_stis_ngsl_hd126661_v2.fits
239 0.00000 0.00000 0.00000 0.00000 0.00000 0.00000 0.00000 0.00000 0.00000 0.00000  0.00000 0.830000stis_ngsl_v2/h_stis_ngsl_hd128000_v2.fits
240 0.00000 0.00000 0.00000 0.00000 0.00000 0.00000 0.00000 0.00000 0.00000 0.00000  0.00000 0.635000stis_ngsl_v2/h_stis_ngsl_hd128279_v2.fits
241 8.63810 8.91730 9.15760 9.26740 8.96060 8.64280 8.87670 9.11150 9.24820 9.31330 h_stis_ngsl_hd128801_v2.fits -1.90000 0.580000stis_ngsl_v2/h_stis_ngsl_hd128801_v2.fits
242 0.00000 0.00000 0.00000 0.00000 0.00000 0.00000 0.00000 0.00000 0.00000 0.00000  0.00000 0.930000stis_ngsl_v2/h_stis_ngsl_hd128987_v2.fits
243 0.00000 0.00000 0.00000 0.00000 0.00000 0.00000 0.00000 0.00000 0.00000 0.00000  0.00000 0.805000stis_ngsl_v2/h_stis_ngsl_hd131873_v2.fits
244 6.38380 5.40860 5.13130 4.94670 8.96040 6.33920 5.47400 5.17050 4.99670 4.91590 h_stis_ngsl_hd132345_v2.fits 0.200000 0.220000stis_ngsl_v2/h_stis_ngsl_hd132345_v2.fits
245 8.75060 8.36580 8.24460 8.21090 9.48850 8.73380 8.39680 8.25760 8.21430 8.21120 h_stis_ngsl_hd132475_v2.fits -1.60000 0.510000stis_ngsl_v2/h_stis_ngsl_hd132475_v2.fits
246 8.45900 8.07060 7.97020 7.93490 9.33270 8.44020 8.09740 7.98010 7.94090 7.93680 h_stis_ngsl_hd134113_v2.fits -0.600000 0.395000stis_ngsl_v2/h_stis_ngsl_hd134113_v2.fits
247 0.00000 0.00000 0.00000 0.00000 0.00000 0.00000 0.00000 0.00000 0.00000 0.00000  0.00000 1.11000stis_ngsl_v2/h_stis_ngsl_hd134439_v2.fits
248 9.78150 9.07850 8.85940 8.76420 11.2100 9.75090 9.13240 8.88830 8.78540 8.74930 h_stis_ngsl_hd134440_v2.fits -1.10000 0.570000stis_ngsl_v2/h_stis_ngsl_hd134440_v2.fits
249 0.00000 0.00000 0.00000 0.00000 0.00000 0.00000 0.00000 0.00000 0.00000 0.00000  0.00000 0.715000stis_ngsl_v2/h_stis_ngsl_hd136726_v2.fits
250 0.00000 0.00000 0.00000 0.00000 0.00000 0.00000 0.00000 0.00000 0.00000 0.00000  0.00000 1.13000stis_ngsl_v2/h_stis_ngsl_hd137759_v2.fits
251 3.80910 3.83870 4.00690 4.10550 4.57610 3.80110 3.81600 3.97060 4.09060 4.13180 h_stis_ngsl_hd137909_v2.fits 0.00000 0.155000stis_ngsl_v2/h_stis_ngsl_hd137909_v2.fits
252 0.00000 0.00000 0.00000 0.00000 0.00000 0.00000 0.00000 0.00000 0.00000 0.00000  0.00000 0.925000stis_ngsl_v2/h_stis_ngsl_hd138716_v2.fits
253 4.09810 4.47910 4.76210 4.95170 4.13090 4.10690 4.43010 4.70950 4.89510 5.02650 h_stis_ngsl_hd138749_v2.fits -0.600000 0.545000stis_ngsl_v2/h_stis_ngsl_hd138749_v2.fits
254 5.79930 5.84350 5.95990 6.04900 6.47140 5.79400 5.82710 5.93270 6.03160 6.07150 h_stis_ngsl_hd140232_v2.fits 0.500000 0.355000stis_ngsl_v2/h_stis_ngsl_hd140232_v2.fits
255 0.00000 0.00000 0.00000 0.00000 0.00000 0.00000 0.00000 0.00000 0.00000 0.00000  0.00000 0.725000stis_ngsl_v2/h_stis_ngsl_hd141795_v2.fits
256 5.06420 5.18480 5.33940 5.44370 5.64550 5.06240 5.16080 5.30530 5.42160 5.47940 h_stis_ngsl_hd141851_v2.fits -0.200000 0.535000stis_ngsl_v2/h_stis_ngsl_hd141851_v2.fits
257 0.00000 0.00000 0.00000 0.00000 0.00000 0.00000 0.00000 0.00000 0.00000 0.00000  0.00000 0.690000stis_ngsl_v2/h_stis_ngsl_hd142091_v2.fits
258 6.12570 6.09130 6.14730 6.20320 6.69240 6.11950 6.08450 6.13140 6.18920 6.22260 h_stis_ngsl_hd142703_v2.fits -1.40000 0.110000stis_ngsl_v2/h_stis_ngsl_hd142703_v2.fits
259 0.00000 0.00000 0.00000 0.00000 0.00000 0.00000 0.00000 0.00000 0.00000 0.00000  0.00000 0.00000stis_ngsl_v2/h_stis_ngsl_hd142860_v2.fits
260 0.00000 0.00000 0.00000 0.00000 0.00000 0.00000 0.00000 0.00000 0.00000 0.00000  0.00000 0.730000stis_ngsl_v2/h_stis_ngsl_hd142926_v2.fits
261 0.00000 0.00000 0.00000 0.00000 0.00000 0.00000 0.00000 0.00000 0.00000 0.00000  0.00000 0.910000stis_ngsl_v2/h_stis_ngsl_hd143107_v2.fits
262 5.45830 5.67830 5.85050 5.89550 5.85600 5.46090 5.64740 5.81620 5.89910 5.92210 h_stis_ngsl_hd143459_v2.fits -0.600000 0.0900000stis_ngsl_v2/h_stis_ngsl_hd143459_v2.fits
263 0.00000 0.00000 0.00000 0.00000 0.00000 0.00000 0.00000 0.00000 0.00000 0.00000  0.00000 0.00000stis_ngsl_v2/h_stis_ngsl_hd145328_v2.fits
264 0.00000 0.00000 0.00000 0.00000 0.00000 0.00000 0.00000 0.00000 0.00000 0.00000  0.00000 0.740000stis_ngsl_v2/h_stis_ngsl_hd146051_v2.fits
265 0.00000 0.00000 0.00000 0.00000 0.00000 0.00000 0.00000 0.00000 0.00000 0.00000  0.00000 0.905000stis_ngsl_v2/h_stis_ngsl_hd146233_v2.fits
266 3.66930 4.08870 4.39290 4.58610 3.72290 3.67840 4.03440 4.33780 4.53260 4.65570 h_stis_ngsl_hd147394_v2.fits 9.90000 0.0800000stis_ngsl_v2/h_stis_ngsl_hd147394_v2.fits
267 0.00000 0.00000 0.00000 0.00000 0.00000 0.00000 0.00000 0.00000 0.00000 0.00000  0.00000 0.00000stis_ngsl_v2/h_stis_ngsl_hd147550_v2.fits
268 5.69910 4.85420 4.61950 4.48230 7.92390 5.65970 4.91210 4.65030 4.51990 4.45660 h_stis_ngsl_hd148293_v2.fits 0.00000 0.310000stis_ngsl_v2/h_stis_ngsl_hd148293_v2.fits
269 6.01070 4.79600 4.37540 4.10960 9.03900 5.95890 4.88630 4.43600 4.18850 4.04890 h_stis_ngsl_hd148513_v2.fits -0.300000 0.250000stis_ngsl_v2/h_stis_ngsl_hd148513_v2.fits
270 0.00000 0.00000 0.00000 0.00000 0.00000 0.00000 0.00000 0.00000 0.00000 0.00000  0.00000 0.620000stis_ngsl_v2/h_stis_ngsl_hd149161_v2.fits
271 8.68540 9.22410 9.59590 9.90360 8.40730 8.69960 9.15860 9.52860 9.79930 10.0148 h_stis_ngsl_hd149382_v2.fits 9.90000 0.0250000stis_ngsl_v2/h_stis_ngsl_hd149382_v2.fits
272 2.97030 3.34590 3.62920 3.78160 3.08360 2.97830 3.29620 3.57760 3.74340 3.84280 h_stis_ngsl_hd155763_v2.fits 9.90000 0.130000stis_ngsl_v2/h_stis_ngsl_hd155763_v2.fits
273 3.74200 2.60000 2.22660 1.99980 6.66440 3.69230 2.68290 2.27860 2.06570 1.95220 h_stis_ngsl_hd156283_v2.fits -0.100000 0.155000stis_ngsl_v2/h_stis_ngsl_hd156283_v2.fits
274 3.44380 2.27950 1.93720 1.71390 6.30230 3.39350 2.35960 1.98350 1.77490 1.67810 h_stis_ngsl_hd157244_v2.fits -0.100000 0.385000stis_ngsl_v2/h_stis_ngsl_hd157244_v2.fits
275 3.14420 2.44780 2.24960 2.16110 4.79120 3.11160 2.49830 2.27260 2.18490 2.14170 h_stis_ngsl_hd159181_v2.fits -0.600000 0.320000stis_ngsl_v2/h_stis_ngsl_hd159181_v2.fits
276 6.90350 6.11580 5.87050 5.75510 8.76800 6.86740 6.17250 5.90440 5.78710 5.72570 h_stis_ngsl_hd160346_v2.fits 0.100000 0.475000stis_ngsl_v2/h_stis_ngsl_hd160346_v2.fits
277 0.00000 0.00000 0.00000 0.00000 0.00000 0.00000 0.00000 0.00000 0.00000 0.00000  0.00000 0.675000stis_ngsl_v2/h_stis_ngsl_hd160762_v2.fits
278 4.87730 4.65730 4.64710 4.68060 5.67760 4.86320 4.66680 4.64140 4.66810 4.69180 h_stis_ngsl_hd160922_v2.fits 0.00000 0.150000stis_ngsl_v2/h_stis_ngsl_hd160922_v2.fits
279 0.00000 0.00000 0.00000 0.00000 0.00000 0.00000 0.00000 0.00000 0.00000 0.00000  0.00000 0.700000stis_ngsl_v2/h_stis_ngsl_hd161770_v2.fits
280 7.05700 6.61260 6.46800 6.39040 8.05460 7.03910 6.64710 6.48470 6.41350 6.37790 h_stis_ngsl_hd163346_v2.fits -0.600000 0.440000stis_ngsl_v2/h_stis_ngsl_hd163346_v2.fits
281 6.15150 6.39290 6.60440 6.70010 6.43500 6.15500 6.35610 6.56370 6.68390 6.73840 h_stis_ngsl_hd163641_v2.fits -0.100000 0.0500000stis_ngsl_v2/h_stis_ngsl_hd163641_v2.fits
282 0.00000 0.00000 0.00000 0.00000 0.00000 0.00000 0.00000 0.00000 0.00000 0.00000  0.00000 0.885000stis_ngsl_v2/h_stis_ngsl_hd163810_v2.fits
283 2.89110 1.62610 1.12150 0.848400 6.03230 2.83850 1.72880 1.19060 0.928600 0.784200 h_stis_ngsl_hd164058_v2.fits -0.400000 0.410000stis_ngsl_v2/h_stis_ngsl_hd164058_v2.fits
284 6.71000 6.84960 7.00900 7.03980 7.18320 6.70970 6.82320 6.97740 7.04780 7.06250 h_stis_ngsl_hd164257_v2.fits -0.100000 0.360000stis_ngsl_v2/h_stis_ngsl_hd164257_v2.fits
285 3.88320 4.06510 4.24760 4.35580 3.94160 3.88670 4.03470 4.21290 4.32250 4.41090 h_stis_ngsl_hd164353_v2.fits 9.90000 0.120000stis_ngsl_v2/h_stis_ngsl_hd164353_v2.fits
286 0.00000 0.00000 0.00000 0.00000 0.00000 0.00000 0.00000 0.00000 0.00000 0.00000  0.00000 0.800000stis_ngsl_v2/h_stis_ngsl_hd164402_v2.fits
287 7.15110 7.27710 7.41990 7.49000 7.73720 7.14950 7.25310 7.38890 7.48640 7.50700 h_stis_ngsl_hd164967_v2.fits -0.600000 0.370000stis_ngsl_v2/h_stis_ngsl_hd164967_v2.fits
288 0.00000 0.00000 0.00000 0.00000 0.00000 0.00000 0.00000 0.00000 0.00000 0.00000  0.00000 0.00000stis_ngsl_v2/h_stis_ngsl_hd165195_v2.fits
289 0.00000 0.00000 0.00000 0.00000 0.00000 0.00000 0.00000 0.00000 0.00000 0.00000  0.00000 0.705000stis_ngsl_v2/h_stis_ngsl_hd165341_v2.fits
290 5.33640 4.65720 4.46670 4.37090 7.05130 5.30440 4.70570 4.48990 4.39710 4.35090 h_stis_ngsl_hd166208_v2.fits 0.00000 0.0150000stis_ngsl_v2/h_stis_ngsl_hd166208_v2.fits
291 5.94680 5.07340 4.82320 4.66990 8.25590 5.90590 5.13310 4.85750 4.71170 4.64410 h_stis_ngsl_hd166229_v2.fits 0.100000 0.140000stis_ngsl_v2/h_stis_ngsl_hd166229_v2.fits
292 0.00000 0.00000 0.00000 0.00000 0.00000 0.00000 0.00000 0.00000 0.00000 0.00000  0.00000 0.680000stis_ngsl_v2/h_stis_ngsl_hd166283_v2.fits
293 6.75510 6.91440 7.08380 7.18010 7.35460 6.75380 6.88630 7.04720 7.16790 7.20450 h_stis_ngsl_hd166991_v2.fits -0.300000 0.445000stis_ngsl_v2/h_stis_ngsl_hd166991_v2.fits
294 0.00000 0.00000 0.00000 0.00000 0.00000 0.00000 0.00000 0.00000 0.00000 0.00000  0.00000 0.660000stis_ngsl_v2/h_stis_ngsl_hd167006_v2.fits
295 0.00000 0.00000 0.00000 0.00000 0.00000 0.00000 0.00000 0.00000 0.00000 0.00000  0.00000 0.935000stis_ngsl_v2/h_stis_ngsl_hd167105_v2.fits
296 0.00000 0.00000 0.00000 0.00000 0.00000 0.00000 0.00000 0.00000 0.00000 0.00000  0.00000 0.855000stis_ngsl_v2/h_stis_ngsl_hd167278_v2.fits
297 0.00000 0.00000 0.00000 0.00000 0.00000 0.00000 0.00000 0.00000 0.00000 0.00000  0.00000 0.630000stis_ngsl_v2/h_stis_ngsl_hd167946_v2.fits
298 0.00000 0.00000 0.00000 0.00000 0.00000 0.00000 0.00000 0.00000 0.00000 0.00000  0.00000 0.825000stis_ngsl_v2/h_stis_ngsl_hd169191_v2.fits
299 8.43300 7.81230 7.60390 7.51070 9.73840 8.40540 7.86150 7.63110 7.53740 7.48310 h_stis_ngsl_hd170737_v2.fits -0.900000 0.485000stis_ngsl_v2/h_stis_ngsl_hd170737_v2.fits
300 0.00000 0.00000 0.00000 0.00000 0.00000 0.00000 0.00000 0.00000 0.00000 0.00000  0.00000 0.00000stis_ngsl_v2/h_stis_ngsl_hd170756_v2.fits
301 6.29020 6.53980 6.78360 6.90950 6.55870 6.29390 6.49990 6.73560 6.88380 6.95600 h_stis_ngsl_hd170973_v2.fits 0.500000 0.450000stis_ngsl_v2/h_stis_ngsl_hd170973_v2.fits
302 7.18750 7.18590 7.28470 7.32110 7.95240 7.17930 7.17230 7.26110 7.32440 7.33090 h_stis_ngsl_hd172230_v2.fits 0.500000 0.0300000stis_ngsl_v2/h_stis_ngsl_hd172230_v2.fits
303 0.00000 0.00000 0.00000 0.00000 0.00000 0.00000 0.00000 0.00000 0.00000 0.00000  0.00000 0.955000stis_ngsl_v2/h_stis_ngsl_hd172506_v2.fits
304 8.61510 7.23940 6.72770 6.38970 11.1880 8.56280 7.34890 6.80610 6.49520 6.29970 h_stis_ngsl_hd173158_v2.fits -1.30000 0.405000stis_ngsl_v2/h_stis_ngsl_hd173158_v2.fits
305 6.55370 5.32460 4.62200 4.25670 9.43470 6.50550 5.44530 4.72500 4.34360 4.19620 h_stis_ngsl_hd173819_v2.fits -0.600000 0.170000stis_ngsl_v2/h_stis_ngsl_hd173819_v2.fits
306 6.12420 6.35480 6.55420 6.63100 6.57820 6.12620 6.31990 6.51510 6.62620 6.65630 h_stis_ngsl_hd174240_v2.fits -0.200000 0.280000stis_ngsl_v2/h_stis_ngsl_hd174240_v2.fits
307 0.00000 0.00000 0.00000 0.00000 0.00000 0.00000 0.00000 0.00000 0.00000 0.00000  0.00000 0.630000stis_ngsl_v2/h_stis_ngsl_hd174959_v2.fits
308 0.00000 0.00000 0.00000 0.00000 0.00000 0.00000 0.00000 0.00000 0.00000 0.00000  0.00000 0.820000stis_ngsl_v2/h_stis_ngsl_hd174966_v2.fits
309 5.08410 5.09660 5.17950 5.22410 5.35390 5.08130 5.08510 5.15990 5.20960 5.26390 h_stis_ngsl_hd175156_v2.fits 9.90000 0.600000stis_ngsl_v2/h_stis_ngsl_hd175156_v2.fits
310 0.00000 0.00000 0.00000 0.00000 0.00000 0.00000 0.00000 0.00000 0.00000 0.00000  0.00000 1.00500stis_ngsl_v2/h_stis_ngsl_hd175305_v2.fits
311 7.87880 6.93070 6.64250 6.47070 10.2396 7.83630 6.99890 6.68210 6.52220 6.43050 h_stis_ngsl_hd175545_v2.fits 0.00000 0.160000stis_ngsl_v2/h_stis_ngsl_hd175545_v2.fits
312 0.00000 0.00000 0.00000 0.00000 0.00000 0.00000 0.00000 0.00000 0.00000 0.00000  0.00000 0.635000stis_ngsl_v2/h_stis_ngsl_hd175640_v2.fits
313 0.00000 0.00000 0.00000 0.00000 0.00000 0.00000 0.00000 0.00000 0.00000 0.00000  0.00000 0.00000stis_ngsl_v2/h_stis_ngsl_hd175674_v2.fits
314 0.00000 0.00000 0.00000 0.00000 0.00000 0.00000 0.00000 0.00000 0.00000 0.00000  0.00000 0.825000stis_ngsl_v2/h_stis_ngsl_hd175805_v2.fits
315 0.00000 0.00000 0.00000 0.00000 0.00000 0.00000 0.00000 0.00000 0.00000 0.00000  0.00000 0.765000stis_ngsl_v2/h_stis_ngsl_hd175865_v2.fits
316 0.00000 0.00000 0.00000 0.00000 0.00000 0.00000 0.00000 0.00000 0.00000 0.00000  0.00000 0.970000stis_ngsl_v2/h_stis_ngsl_hd176232_v2.fits
317 3.10480 3.39370 3.61270 3.66220 3.36910 3.11030 3.35510 3.57290 3.65830 3.71060 h_stis_ngsl_hd176437_v2.fits 9.90000 0.265000stis_ngsl_v2/h_stis_ngsl_hd176437_v2.fits
318 0.00000 0.00000 0.00000 0.00000 0.00000 0.00000 0.00000 0.00000 0.00000 0.00000  0.00000 0.00000stis_ngsl_v2/h_stis_ngsl_hd181720_v2.fits
319 0.00000 0.00000 0.00000 0.00000 0.00000 0.00000 0.00000 0.00000 0.00000 0.00000  0.00000 0.960000stis_ngsl_v2/h_stis_ngsl_hd183324_v2.fits
320 7.85140 6.83600 6.52870 6.33700 10.2226 7.80660 6.90710 6.57290 6.38830 6.30400 h_stis_ngsl_hd183915_v2.fits -0.400000 0.500000stis_ngsl_v2/h_stis_ngsl_hd183915_v2.fits
321 0.00000 0.00000 0.00000 0.00000 0.00000 0.00000 0.00000 0.00000 0.00000 0.00000  0.00000 0.875000stis_ngsl_v2/h_stis_ngsl_hd184266_v2.fits
322 4.96900 4.36890 4.21350 4.16640 6.39970 4.94070 4.41160 4.22990 4.17790 4.15190 h_stis_ngsl_hd185144_v2.fits -0.100000 0.440000stis_ngsl_v2/h_stis_ngsl_hd185144_v2.fits
323 0.00000 0.00000 0.00000 0.00000 0.00000 0.00000 0.00000 0.00000 0.00000 0.00000  0.00000 0.730000stis_ngsl_v2/h_stis_ngsl_hd185351_v2.fits
324 0.00000 0.00000 0.00000 0.00000 0.00000 0.00000 0.00000 0.00000 0.00000 0.00000  0.00000 0.805000stis_ngsl_v2/h_stis_ngsl_hd187111_v2.fits
325 5.53800 5.82590 6.05980 6.22740 5.51250 5.54350 5.78410 6.01630 6.17450 6.29250 h_stis_ngsl_hd187879_v2.fits 9.90000 0.375000stis_ngsl_v2/h_stis_ngsl_hd187879_v2.fits
326 0.00000 0.00000 0.00000 0.00000 0.00000 0.00000 0.00000 0.00000 0.00000 0.00000  0.00000 0.880000stis_ngsl_v2/h_stis_ngsl_hd188262_v2.fits
327 0.00000 0.00000 0.00000 0.00000 0.00000 0.00000 0.00000 0.00000 0.00000 0.00000  0.00000 0.610000stis_ngsl_v2/h_stis_ngsl_hd190073_v2.fits
328 0.00000 0.00000 0.00000 0.00000 0.00000 0.00000 0.00000 0.00000 0.00000 0.00000  0.00000 0.740000stis_ngsl_v2/h_stis_ngsl_hd190360_v2.fits
329 0.00000 0.00000 0.00000 0.00000 0.00000 0.00000 0.00000 0.00000 0.00000 0.00000  0.00000 0.770000stis_ngsl_v2/h_stis_ngsl_hd190404_v2.fits
330 5.70350 5.06650 4.90410 4.83430 7.29820 5.67290 5.10950 4.92340 4.85340 4.81470 h_stis_ngsl_hd191026_v2.fits 0.100000 0.335000stis_ngsl_v2/h_stis_ngsl_hd191026_v2.fits
331 5.88980 4.94470 4.66890 4.50630 8.29140 5.84690 5.01080 4.70640 4.55220 4.47450 h_stis_ngsl_hd191277_v2.fits 0.100000 0.0500000stis_ngsl_v2/h_stis_ngsl_hd191277_v2.fits
332 6.66600 6.81670 6.96850 7.02930 7.22660 6.66520 6.79040 6.93760 7.02560 7.04980 h_stis_ngsl_hd193281_v2.fits -0.600000 0.215000stis_ngsl_v2/h_stis_ngsl_hd193281_v2.fits
333 3.39090 2.78140 2.59160 2.47900 4.60890 3.36440 2.82760 2.61510 2.51020 2.46170 h_stis_ngsl_hd193495_v2.fits 9.90000 0.480000stis_ngsl_v2/h_stis_ngsl_hd193495_v2.fits
334 2.43300 2.03550 1.96370 1.91510 3.69600 2.41000 2.05930 1.96670 1.93390 1.90730 h_stis_ngsl_hd194093_v2.fits 9.90000 0.195000stis_ngsl_v2/h_stis_ngsl_hd194093_v2.fits
335 6.62470 6.91290 7.14270 7.23900 6.95820 6.62900 6.87200 7.09850 7.22620 7.27860 h_stis_ngsl_hd194453_v2.fits 0.00000 0.00000stis_ngsl_v2/h_stis_ngsl_hd194453_v2.fits
336 9.67370 8.92770 8.66100 8.52710 11.1765 9.64140 8.98490 8.70000 8.56630 8.48940 h_stis_ngsl_hd195434_v2.fits -0.500000 0.145000stis_ngsl_v2/h_stis_ngsl_hd195434_v2.fits
337 7.57610 7.28270 7.22270 7.24520 8.43610 7.55970 7.30170 7.22360 7.23370 7.25390 h_stis_ngsl_hd196218_v2.fits 0.00000 0.455000stis_ngsl_v2/h_stis_ngsl_hd196218_v2.fits
338 6.04410 6.39650 6.65600 6.80170 6.19840 6.05120 6.35000 6.60820 6.76620 6.85360 h_stis_ngsl_hd196426_v2.fits -0.500000 0.210000stis_ngsl_v2/h_stis_ngsl_hd196426_v2.fits
339 0.00000 0.00000 0.00000 0.00000 0.00000 0.00000 0.00000 0.00000 0.00000 0.00000  0.00000 0.780000stis_ngsl_v2/h_stis_ngsl_hd196662_v2.fits
340 6.35490 5.10640 4.69670 4.44600 9.34000 6.30260 5.19830 4.75320 4.52080 4.38780 h_stis_ngsl_hd196725_v2.fits -0.600000 0.435000stis_ngsl_v2/h_stis_ngsl_hd196725_v2.fits
341 0.00000 0.00000 0.00000 0.00000 0.00000 0.00000 0.00000 0.00000 0.00000 0.00000  0.00000 0.00000stis_ngsl_v2/h_stis_ngsl_hd196892_v2.fits
342 6.05990 5.28670 5.07090 4.96050 7.96920 6.02420 5.34080 5.09800 4.98900 4.93950 h_stis_ngsl_hd197177_v2.fits -0.400000 0.545000stis_ngsl_v2/h_stis_ngsl_hd197177_v2.fits
343 4.86270 4.26120 4.10630 4.04950 6.36200 4.83370 4.30300 4.12330 4.06110 4.04120 h_stis_ngsl_hd198809_v2.fits -0.00000 0.560000stis_ngsl_v2/h_stis_ngsl_hd198809_v2.fits
344 8.25400 7.66650 7.49840 7.42260 9.63730 8.22690 7.70920 7.51830 7.44250 7.40470 h_stis_ngsl_hd200081_v2.fits -0.500000 0.560000stis_ngsl_v2/h_stis_ngsl_hd200081_v2.fits
345 4.39620 3.03200 2.49580 2.20790 7.51530 4.34090 3.14250 2.56790 2.28750 2.14770 h_stis_ngsl_hd200905_v2.fits -0.600000 0.550000stis_ngsl_v2/h_stis_ngsl_hd200905_v2.fits
346 5.75570 4.68890 4.32970 4.14920 8.03950 5.71010 4.76700 4.38230 4.20400 4.09590 h_stis_ngsl_hd201091_v2.fits -0.100000 0.235000stis_ngsl_v2/h_stis_ngsl_hd201091_v2.fits
347 6.64460 6.73570 6.86770 6.95990 7.29290 6.64100 6.71500 6.83760 6.94230 6.98640 h_stis_ngsl_hd201377_v2.fits 0.00000 0.530000stis_ngsl_v2/h_stis_ngsl_hd201377_v2.fits
348 0.00000 0.00000 0.00000 0.00000 0.00000 0.00000 0.00000 0.00000 0.00000 0.00000  0.00000 0.645000stis_ngsl_v2/h_stis_ngsl_hd201601_v2.fits
349 5.81810 4.93240 4.68980 4.53650 8.14000 5.77690 4.99260 4.72160 4.58000 4.50920 h_stis_ngsl_hd203638_v2.fits -0.100000 0.470000stis_ngsl_v2/h_stis_ngsl_hd203638_v2.fits
350 6.40460 6.50500 6.63420 6.71280 7.00480 6.40150 6.48350 6.60630 6.70030 6.73400 h_stis_ngsl_hd204041_v2.fits -0.600000 0.105000stis_ngsl_v2/h_stis_ngsl_hd204041_v2.fits
351 8.67790 8.31160 8.21740 8.19690 9.56830 8.65930 8.33690 8.22580 8.20070 8.19130 h_stis_ngsl_hd204155_v2.fits -0.600000 0.165000stis_ngsl_v2/h_stis_ngsl_hd204155_v2.fits
352 0.00000 0.00000 0.00000 0.00000 0.00000 0.00000 0.00000 0.00000 0.00000 0.00000  0.00000 0.880000stis_ngsl_v2/h_stis_ngsl_hd204543_v2.fits
353 0.00000 0.00000 0.00000 0.00000 0.00000 0.00000 0.00000 0.00000 0.00000 0.00000  0.00000 0.705000stis_ngsl_v2/h_stis_ngsl_hd204867_v2.fits
354 8.21020 7.99960 7.97140 7.98860 8.90780 8.19810 8.01070 7.96970 7.98180 7.99550 h_stis_ngsl_hd205202_v2.fits -0.600000 0.275000stis_ngsl_v2/h_stis_ngsl_hd205202_v2.fits
355 6.06380 6.32530 6.54140 6.65620 6.56700 6.06570 6.28680 6.49820 6.63960 6.68780 h_stis_ngsl_hd205811_v2.fits -0.100000 0.0100000stis_ngsl_v2/h_stis_ngsl_hd205811_v2.fits
356 0.00000 0.00000 0.00000 0.00000 0.00000 0.00000 0.00000 0.00000 0.00000 0.00000  0.00000 0.760000stis_ngsl_v2/h_stis_ngsl_hd206778_v2.fits
357 4.01060 2.75880 2.38190 2.14240 6.98610 3.95760 2.84530 2.43310 2.20690 2.10410 h_stis_ngsl_hd210745_v2.fits -0.600000 0.595000stis_ngsl_v2/h_stis_ngsl_hd210745_v2.fits
358 0.00000 0.00000 0.00000 0.00000 0.00000 0.00000 0.00000 0.00000 0.00000 0.00000  0.00000 0.795000stis_ngsl_v2/h_stis_ngsl_hd210807_v2.fits
359 9.45970 8.01600 7.23160 6.84430 12.7775 9.40510 8.15710 7.34130 6.95340 6.74780 h_stis_ngsl_hd212516_v2.fits -0.500000 0.410000stis_ngsl_v2/h_stis_ngsl_hd212516_v2.fits
360 4.48600 4.61630 4.78190 4.81840 4.70620 4.48610 4.58860 4.75230 4.81340 4.86070 h_stis_ngsl_hd212593_v2.fits 9.90000 0.600000stis_ngsl_v2/h_stis_ngsl_hd212593_v2.fits
361 4.38900 3.60080 3.38540 3.27080 6.43690 4.35180 3.65530 3.41250 3.29800 3.25540 h_stis_ngsl_hd215665_v2.fits -0.200000 0.470000stis_ngsl_v2/h_stis_ngsl_hd215665_v2.fits
362 6.43070 5.92520 5.82110 5.78750 7.82740 6.40470 5.95740 5.83060 5.79450 5.78100 h_stis_ngsl_hd217107_v2.fits 0.400000 0.0800000stis_ngsl_v2/h_stis_ngsl_hd217107_v2.fits
363 8.52760 7.20440 6.66140 6.42590 10.9193 8.47590 7.30890 6.74120 6.49150 6.36370 h_stis_ngsl_hd217357_v2.fits -0.300000 0.545000stis_ngsl_v2/h_stis_ngsl_hd217357_v2.fits
364 7.65490 7.44090 7.41970 7.43100 8.36110 7.64190 7.45070 7.41670 7.42880 7.43520 h_stis_ngsl_hd221377_v2.fits -0.600000 0.580000stis_ngsl_v2/h_stis_ngsl_hd221377_v2.fits
365 3.61370 2.83270 2.61510 2.49460 5.64330 3.57670 2.88650 2.64410 2.52710 2.47060 h_stis_ngsl_hd222404_v2.fits 0.100000 0.230000stis_ngsl_v2/h_stis_ngsl_hd222404_v2.fits
366 6.25290 6.52890 6.77750 6.94130 6.45750 6.25810 6.48890 6.72920 6.89770 6.99850 h_stis_ngsl_hd224801_v2.fits 0.500000 0.320000stis_ngsl_v2/h_stis_ngsl_hd224801_v2.fits
367 4.93820 5.30460 5.59170 5.78980 5.01780 4.94640 5.25610 5.53750 5.73210 5.86280 h_stis_ngsl_hd224926_v2.fits -0.500000 0.580000stis_ngsl_v2/h_stis_ngsl_hd224926_v2.fits
368 0.00000 0.00000 0.00000 0.00000 0.00000 0.00000 0.00000 0.00000 0.00000 0.00000  0.00000 0.880000stis_ngsl_v2/h_stis_ngsl_hd232078_v2.fits
369 0.00000 0.00000 0.00000 0.00000 0.00000 0.00000 0.00000 0.00000 0.00000 0.00000  0.00000 0.810000stis_ngsl_v2/h_stis_ngsl_hd284248_v2.fits
370 9.07290 8.71850 8.61040 8.60790 9.78320 9.05720 8.74630 8.61940 8.60240 8.61230 h_stis_ngsl_hd345957_v2.fits -1.40000 0.450000stis_ngsl_v2/h_stis_ngsl_hd345957_v2.fits
371 0.00000 0.00000 0.00000 0.00000 0.00000 0.00000 0.00000 0.00000 0.00000 0.00000  0.00000 1.09000stis_ngsl_v2/h_stis_ngsl_hr0753_v2.fits
372 6.68160 5.38880 4.87110 4.63300 9.08870 6.63060 5.48960 4.94760 4.70250 4.56570 h_stis_ngsl_hr8086_v2.fits -0.700000 0.510000stis_ngsl_v2/h_stis_ngsl_hr8086_v2.fits
373 13.3350 11.6063 9.50670 8.58700 15.8779 13.2933 11.9268 9.82040 8.84760 8.37170 h_stis_ngsl_lhs10_v2.fits 9.90000 0.0800000stis_ngsl_v2/h_stis_ngsl_lhs10_v2.fits
374 12.7379 11.2506 10.4215 10.0656 15.0997 12.6824 11.3728 10.5535 10.1593 9.98260 h_stis_ngsl_lhs482_v2.fits 9.90000 0.0750000stis_ngsl_v2/h_stis_ngsl_lhs482_v2.fits
375 11.3509 11.2915 11.3684 11.4172 12.1057 11.3415 11.2818 11.3494 11.4123 11.4312 h_stis_ngsl_mmj6476_v2.fits 9.90000 0.290000stis_ngsl_v2/h_stis_ngsl_mmj6476_v2.fits
376 10.8643 11.0461 11.2322 11.3160 11.4464 10.8635 11.0138 11.1947 11.3089 11.3395 h_stis_ngsl_mmj6490_v2.fits 9.90000 0.175000stis_ngsl_v2/h_stis_ngsl_mmj6490_v2.fits
377 10.8446 10.3372 10.1131 9.92280 11.7632 10.8258 10.3792 10.1475 9.98860 9.88220 h_stis_ngsl_vbnvul_v2.fits -0.500000 0.515000stis_ngsl_v2/h_stis_ngsl_vbnvul_v2.fits
378 0.00000 0.00000 0.00000 0.00000 0.00000 0.00000 0.00000 0.00000 0.00000 0.00000  0.00000 0.775000stis_ngsl_v2/h_stis_ngsl_vgkcom_v2.fits
379 0.00000 0.00000 0.00000 0.00000 0.00000 0.00000 0.00000 0.00000 0.00000 0.00000  0.00000 0.725000stis_ngsl_v2/h_stis_ngsl_viwcom_v2.fits
